061
1.29
PD500-0212
001157 001239 001049
1.11 1.40 1.30
CORE CAST 3
22.06.2015
16:09:31
010
10000
05014
1
05001
04276
0150
5000
0059
0455
02207
02878
4
1
1
1
1
1
+02,4
091,2
-02,9
009,7
0
0
0
0
0
000
00000
0
0
000
000
00000
0
0
0
000
00000


0
0
0
00000
000
00000
0
000
000
000
00000
00000
000
000
00000
000
000
00000
000
000
00000
0
0
0
00000
00000
000
000
00,0
000
000
000
00000
000
000
0
0
0
00000
000
00000
000
000
0
0
0
00000
00000
00000
00000
00000
00000
0
0
000
00000
000
0
000
00000
000
0
00000
000000




00000-00000: 
00000-00000: 
00000-00000: 
00000-00000: 
00000-00000: 
00000-00000: 
2ND





00000;00000
00000;00000
00000;00000
00000;00000
00000;00000
00000;00008
00007;00022
00017;00034
00030;00055
00047;00066
00054;00066
00055;00066
00055;00067
00055;00068
00055;00068
00053;00063
00050;00051
00046;00039
00040;00018
00025;00006
00018;00006
00018;00006
00018;00006
00018;00009
00018;00013
00017;00010
00014;00008
00008;00010
00000;00032
00000;00054
00000;00058
00000;00058
00000;00058
00000;00055
00000;00051
00000;00051
00000;00050
00000;00048
00000;00033
00000;00014
00001;00014
00001;00019
00001;00026
00001;00031
00001;00037
00002;00044
00006;00049
00007;00049
00007;00041
00007;00039
00007;00035
00007;00030
00008;00024
00008;00020
00009;00014
00008;00009
00006;00011
00006;00034
00008;00052
00009;00053
00010;00060
00011;00069
00013;00073
00015;00081
00019;00089
00024;00093
00027;00093
00027;00078
00027;00074
00026;00081
00025;00083
00024;00084
00021;00089
00018;00085
00014;00077
00008;00075
00004;00081
00002;00075
00001;00063
00000;00063
00000;00078
00000;00073
00000;00063
00000;00060
00000;00065
00000;00073
00000;00069
00000;00072
00000;00077
00000;00074
00000;00055
00000;00051
00000;00051
00000;00049
00000;00044
00000;00034
00000;00048
00000;00079
00000;00125
00005;00183
00015;00261
00030;00364
00052;00483
00079;00595
00107;00656
00128;00702
00145;00719
00161;00714
00177;00684
00190;00640
00199;00580
00204;00506
00205;00417
00205;00335
00200;00303
00200;00286
00209;00279
00221;00282
00232;00292
00243;00307
00252;00314
00258;00308
00261;00292
00260;00273
00261;00256
00262;00242
00263;00239
00262;00232
00257;00227
00249;00215
00241;00212
00239;00218
00242;00238
00247;00260
00253;00280
00260;00303
00265;00311
00270;00311
00278;00309
00287;00313
00297;00318
00305;00328
00309;00328
00312;00325
00313;00319
00311;00314
00312;00317
00312;00330
00315;00343
00320;00357
00326;00375
00334;00388
00346;00396
00361;00409
00376;00431
00395;00454
00414;00475
00432;00500
00453;00518
00473;00521
00484;00514
00489;00508
00489;00515
00492;00514
00483;00513
00471;00498
00459;00480
00446;00454
00429;00429
00411;00412
00402;00401
00398;00402
00396;00414
00393;00434
00398;00448
00408;00466
00416;00482
00423;00490
00427;00509
00436;00537
00448;00567
00462;00581
00476;00569
00492;00552
00501;00534
00500;00522
00498;00520
00500;00533
00507;00549
00508;00554
00506;00562
00504;00572
00497;00598
00488;00627
00491;00655
00507;00677
00522;00687
00530;00677
00531;00654
00535;00642
00542;00635
00551;00640
00564;00651
00577;00667
00581;00677
00584;00688
00589;00700
00596;00724
00608;00755
00621;00787
00635;00801
00644;00792
00649;00759
00652;00728
00655;00703
00645;00679
00630;00662
00617;00660
00608;00668
00600;00663
00588;00663
00574;00682
00564;00721
00563;00750
00569;00772
00588;00786
00606;00801
00623;00806
00638;00787
00649;00765
00658;00741
00668;00717
00678;00697
00686;00680
00688;00664
00688;00654
00691;00637
00696;00626
00696;00628
00697;00637
00702;00643
00694;00640
00675;00618
00654;00589
00634;00569
00615;00553
00598;00549
00586;00543
00580;00543
00576;00540
00571;00546
00577;00544
00590;00546
00600;00547
00610;00547
00620;00549
00632;00539
00644;00526
00651;00497
00635;00470
00616;00435
00595;00409
00578;00404
00570;00421
00571;00431
00572;00434
00567;00436
00558;00434
00546;00434
00551;00435
00564;00446
00583;00459
00606;00452
00608;00434
00594;00419
00582;00411
00578;00416
00581;00428
00591;00452
00598;00476
00600;00495
00600;00497
00583;00508
00575;00519
00581;00535
00586;00559
00590;00584
00589;00608
00586;00607
00588;00606
00597;00598
00606;00599
00625;00611
00646;00623
00651;00618
00647;00598
00641;00571
00633;00543
00629;00534
00629;00529
00632;00535
00635;00540
00644;00516
00649;00479
00640;00459
00632;00442
00622;00430
00611;00434
00602;00453
00593;00459
00580;00466
00565;00474
00548;00491
00536;00517
00546;00548
00562;00575
00575;00581
00573;00582
00564;00558
00553;00541
00540;00520
00527;00507
00514;00513
00504;00528
00501;00540
00501;00569
00505;00608
00518;00625
00530;00653
00545;00698
00562;00738
00579;00770
00594;00773
00606;00763
00615;00745
00623;00716
00633;00709
00646;00715
00656;00713
00654;00691
00651;00670
00648;00649
00646;00647
00645;00651
00641;00659
00637;00674
00639;00674
00644;00663
00660;00636
00684;00606
00697;00586
00696;00578
00696;00577
00694;00580
00688;00599
00687;00620
00685;00635
00682;00649
00669;00685
00655;00732
00653;00765
00665;00782
00674;00795
00691;00797
00707;00782
00715;00763
00717;00746
00715;00734
00716;00733
00715;00719
00711;00720
00707;00723
00701;00723
00688;00734
00684;00748
00688;00760
00690;00762
00691;00751
00690;00724
00689;00702
00683;00669
00671;00645
00665;00638
00661;00636
00655;00630
00644;00623
00636;00624
00634;00650
00641;00678
00653;00708
00678;00737
00702;00748
00717;00739
00733;00702
00739;00664
00732;00629
00727;00600
00720;00567
00712;00539
00703;00511
00686;00496
00677;00499
00679;00507
00681;00527
00687;00548
00710;00564
00725;00563
00735;00558
00743;00548
00748;00535
00752;00508
00756;00467
00743;00438
00724;00422
00712;00408
00703;00401
00702;00401
00710;00402
00717;00412
00718;00431
00702;00454
00686;00483
00684;00509
00689;00518
00694;00525
00696;00521
00687;00511
00670;00513
00652;00518
00642;00516
00649;00529
00657;00540
00660;00543
00661;00550
00661;00557
00663;00577
00674;00596
00689;00601
00690;00604
00684;00601
00677;00579
00668;00557
00666;00548
00665;00558
00664;00566
00657;00553
00638;00547
00617;00551
00613;00554
00619;00557
00631;00567
00644;00577
00645;00575
00635;00555
00626;00534
00621;00525
00629;00534
00644;00541
00660;00546
00667;00555
00669;00559
00668;00549
00675;00529
00695;00511
00707;00505
00708;00506
00706;00496
00698;00484
00687;00475
00682;00467
00679;00473
00678;00502
00681;00558
00680;00617
00682;00664
00696;00705
00712;00737
00726;00764
00737;00769
00737;00771
00731;00765
00727;00756
00727;00736
00732;00691
00737;00637
00730;00583
00707;00551
00681;00528
00660;00529
00652;00545
00656;00566
00662;00579
00661;00589
00654;00628
00650;00669
00656;00706
00671;00728
00692;00738
00711;00730
00724;00715
00733;00690
00734;00663
00737;00642
00742;00620
00734;00604
00721;00592
00713;00581
00708;00581
00703;00589
00702;00592
00699;00601
00696;00606
00686;00600
00668;00585
00659;00575
00660;00562
00661;00543
00657;00522
00653;00518
00647;00522
00641;00534
00637;00550
00634;00562
00637;00595
00641;00633
00645;00680
00652;00731
00660;00759
00663;00769
00655;00771
00651;00747
00649;00723
00650;00698
00648;00671
00647;00646
00646;00620
00644;00597
00644;00596
00651;00592
00659;00585
00659;00607
00660;00634
00662;00660
00665;00664
00667;00658
00667;00639
00666;00610
00658;00575
00644;00557
00637;00544
00637;00523
00634;00505
00629;00490
00629;00476
00627;00457
00621;00444
00608;00445
00601;00458
00602;00467
00608;00469
00614;00462
00620;00455
00629;00453
00633;00460
00633;00471
00634;00478
00632;00476
00627;00466
00618;00459
00605;00462
00592;00471
00578;00472
00561;00480
00549;00481
00542;00486
00539;00483
00546;00488
00555;00503
00564;00510
00570;00507
00573;00505
00578;00504
00583;00499
00589;00500
00592;00500
00586;00515
00579;00531
00574;00541
00573;00557
00575;00565
00581;00559
00587;00551
00590;00548
00592;00554
00598;00558
00608;00556
00620;00555
00630;00555
00638;00546
00644;00546
00649;00563
00660;00582
00665;00589
00667;00581
00671;00569
00676;00566
00674;00570
00670;00575
00663;00591
00660;00607
00656;00621
00648;00624
00644;00632
00642;00649
00639;00673
00634;00686
00632;00680
00630;00678
00629;00664
00624;00641
00618;00613
00615;00596
00618;00570
00615;00547
00608;00532
00603;00530
00596;00529
00590;00522
00582;00524
00578;00533
00577;00546
00570;00557
00560;00586
00556;00607
00558;00612
00563;00604
00573;00596
00586;00592
00601;00588
00609;00585
00612;00591
00621;00613
00635;00626
00649;00628
00661;00647
00671;00668
00682;00694
00686;00708
00685;00719
00690;00724
00695;00715
00690;00694
00682;00681
00679;00692
00679;00696
00676;00698
00671;00682
00663;00664
00653;00647
00641;00647
00632;00657
00628;00664
00623;00668
00615;00662
00604;00640
00594;00620
00586;00617
00586;00630
00593;00657
00604;00662
00615;00651
00619;00647
00617;00639
00616;00627
00617;00626
00619;00623
00619;00616
00621;00599
00620;00563
00614;00537
00608;00509
00610;00481
00613;00465
00613;00461
00614;00465
00613;00471
00612;00486
00614;00502
00617;00517
00622;00542
00630;00585
00640;00623
00658;00638
00676;00632
00690;00613
00697;00598
00703;00577
00704;00553
00699;00535
00696;00516
00692;00498
00689;00478
00683;00471
00674;00467
00665;00470
00656;00470
00644;00476
00637;00479
00638;00492
00641;00511
00643;00516
00643;00519
00643;00517
00644;00532
00644;00563
00654;00598
00669;00626
00680;00659
00690;00678
00690;00686
00685;00698
00678;00706
00670;00712
00663;00703
00657;00679
00653;00646
00648;00614
00645;00587
00645;00569
00649;00563
00656;00564
00665;00554
00660;00564
00653;00594
00654;00640
00657;00698
00661;00743
00661;00784
00655;00827
00651;00845
00644;00842
00641;00851
00655;00858
00676;00856
00693;00846
00710;00816
00715;00785
00717;00756
00717;00719
00717;00700
00720;00697
00719;00697
00713;00694
00704;00678
00692;00648
00678;00630
00674;00623
00675;00618
00683;00623
00692;00620
00694;00621
00696;00634
00707;00647
00715;00652
00718;00668
00727;00688
00736;00705
00745;00724
00758;00725
00775;00726
00789;00720
00795;00696
00797;00669
00804;00657
00815;00650
00819;00632
00819;00624
00823;00620
00825;00621
00824;00622
00826;00629
00836;00648
00844;00652
00848;00655
00853;00644
00856;00627
00861;00608
00865;00583
00863;00575
00859;00562
00849;00557
00842;00549
00841;00544
00838;00532
00836;00531
00839;00537
00836;00535
00831;00533
00830;00517
00819;00521
00814;00510
00810;00488
00799;00471
00790;00468
00783;00476
00777;00488
00775;00506
00776;00520
00777;00536
00795;00542
00814;00553
00833;00566
00844;00575
00851;00576
00848;00566
00837;00545
00826;00528
00818;00515
00810;00509
00801;00506
00793;00498
00779;00505
00763;00515
00749;00520
00740;00516
00732;00527
00725;00544
00719;00540
00705;00526
00686;00520
00668;00506
00662;00484
00661;00466
00661;00460
00667;00480
00679;00500
00692;00510
00700;00527
00711;00542
00718;00547
00724;00572
00728;00597
00739;00622
00751;00643
00759;00644
00763;00627
00761;00608
00757;00596
00755;00586
00756;00571
00749;00564
00742;00566
00737;00557
00734;00560
00731;00552
00727;00560
00731;00558
00736;00556
00738;00556
00734;00568
00735;00565
00735;00549
00737;00545
00739;00534
00744;00547
00754;00555
00757;00566
00754;00560
00749;00554
00752;00552
00760;00562
00769;00588
00774;00600
00778;00610
00779;00602
00773;00590
00775;00585
00784;00588
00793;00588
00798;00584
00803;00572
00810;00554
00808;00560
00800;00574
00793;00575
00787;00581
00775;00585
00766;00603
00765;00622
00767;00636
00763;00644
00752;00635
00752;00608
00759;00572
00764;00560
00775;00556
00787;00558
00792;00557
00801;00550
00802;00556
00806;00570
00818;00593
00827;00619
00827;00645
00824;00660
00817;00651
00816;00646
00817;00640
00806;00649
00801;00662
00800;00660
00794;00658
00788;00654
00789;00651
00793;00644
00805;00659
00811;00668
00817;00678
00822;00681
00827;00673
00828;00675
00829;00656
00828;00643
00830;00627
00829;00630
00825;00629
00818;00624
00811;00613
00811;00599
00804;00588
00795;00584
00788;00608
00780;00644
00770;00692
00766;00723
00764;00730
00762;00750
00765;00764
00769;00780
00779;00800
00794;00807
00804;00812
00806;00808
00804;00812
00802;00824
00802;00861
00803;00883
00801;00905
00797;00919
00794;00925
00790;00934
00792;00929
00813;00912
00836;00865
00844;00822
00841;00791
00840;00782
00841;00787
00847;00789
00855;00787
00863;00792
00870;00815
00874;00839
00872;00876
00878;00912
00895;00914
00907;00900
00919;00879
00927;00883
00939;00902
00953;00910
00962;00919
00966;00939
00974;00971
00987;00984
00996;01004
01003;01033
01013;01071
01028;01101
01040;01128
01051;01159
01066;01173
01082;01176
01103;01166
01128;01162
01143;01194
01161;01223
01181;01243
01194;01258
01205;01266
01212;01271
01225;01282
01237;01283
01243;01286
01247;01283
01263;01224
01275;01152
01266;01101
01257;01063
01248;01034
01256;01005
01270;00958
01254;00933
01236;00921
01215;00918
01188;00963
01167;01018
01165;01074
01173;01120
01186;01149
01183;01179
01168;01220
01186;01243
01203;01256
01223;01257
01243;01266
01258;01288
01278;01309
01309;01288
01333;01246
01321;01217
01301;01202
01279;01207
01257;01209
01235;01234
01221;01227
01220;01196
01220;01138
01197;01113
01174;01128
01185;01141
01211;01133
01233;01109
01256;01083
01291;01043
01315;01031
01321;01030
01330;01041
01333;01064
01330;01080
01336;01102
01345;01119
01362;01131
01395;01125
01402;01111
01406;01095
01415;01090
01409;01101
01422;01101
01446;01089
01459;01076
01468;01097
01479;01131
01473;01184
01487;01247
01520;01262
01554;01228
01564;01171
01544;01130
01519;01117
01501;01102
01488;01078
01459;01060
01431;01053
01406;01017
01362;00999
01315;01009
01297;01043
01313;01062
01329;01058
01341;01055
01350;01040
01360;00992
01370;00930
01368;00904
01368;00916
01378;00955
01387;00991
01390;01017
01407;01019
01435;00979
01454;00947
01458;00950
01450;00970
01437;00994
01424;00989
01406;00954
01388;00905
01374;00867
01351;00854
01316;00885
01298;00915
01309;00907
01317;00891
01318;00878
01317;00867
01317;00877
01323;00901
01328;00923
01330;00943
01336;00952
01344;00925
01344;00900
01350;00870
01366;00836
01385;00825
01395;00819
01394;00821
01393;00817
01391;00813
01376;00811
01356;00852
01337;00904
01334;00944
01340;00974
01349;00977
01359;00943
01372;00883
01382;00821
01385;00765
01388;00711
01385;00660
01383;00637
01376;00634
01365;00637
01351;00654
01350;00700
01356;00755
01364;00800
01376;00831
01391;00855
01412;00873
01417;00865
01415;00840
01414;00806
01410;00780
01395;00770
01379;00742
01358;00722
01329;00715
01307;00712
01282;00706
01268;00730
01260;00773
01254;00822
01255;00842
01263;00811
01258;00794
01254;00782
01263;00768
01270;00764
01275;00764
01281;00763
01293;00737
01302;00705
01293;00687
01280;00706
01278;00730
01280;00770
01285;00814
01289;00857
01290;00908
01290;00923
01282;00928
01273;00933
01284;00926
01291;00924
01295;00929
01299;00924
01295;00913
01289;00897
01276;00880
01265;00882
01260;00906
01263;00926
01264;00953
01267;00952
01269;00937
01268;00924
01273;00918
01302;00924
01334;00935
01349;00949
01366;00970
01385;00990
01403;01018
01423;01044
01440;01065
01453;01071
01466;01044
01443;00988
01424;00922
01414;00851
01395;00780
01374;00721
01343;00674
01311;00656
01285;00653
01271;00635
01249;00645
01238;00678
01226;00692
01220;00702
01219;00719
01214;00739
01218;00732
01217;00699
01211;00664
01211;00662
01223;00651
01229;00640
01231;00653
01233;00675
01245;00670
01253;00662
01253;00670
01258;00696
01264;00722
01257;00735
01239;00769
01229;00803
01228;00809
01220;00804
01208;00824
01209;00841
01219;00854
01232;00875
01247;00906
01262;00938
01295;00955
01337;00943
01356;00954
01373;00965
01380;00969
01379;00976
01377;00974
01380;00938
01377;00889
01372;00858
01357;00839
01331;00853
01322;00873
01319;00915
01325;00965
01332;01015
01336;01083
01334;01175
01334;01272
01338;01346
01352;01393
01372;01408
01397;01408
01416;01375
01428;01332
01441;01272
01448;01207
01452;01160
01454;01114
01452;01075
01438;01057
01420;01055
01397;01052
01375;01082
01359;01122
01344;01174
01334;01220
01331;01221
01334;01209
01340;01193
01345;01168
01349;01158
01354;01159
01367;01161
01376;01158
01384;01162
01392;01183
01414;01218
01422;01241
01419;01267
01410;01304
01395;01330
01384;01356
01373;01338
01368;01308
01368;01270
01367;01234
01352;01238
01348;01258
01351;01272
01364;01262
01384;01241
01405;01225
01442;01253
01486;01285
01511;01301
01531;01289
01540;01212
01540;01143
01532;01095
01519;01076
01505;01088
01499;01097
01483;01099
01458;01106
01447;01129
01437;01184
01435;01252
01439;01309
01442;01340
01447;01358
01451;01344
01445;01326
01432;01289
01418;01257
01408;01225
01414;01170
01421;01156
01437;01154
01462;01166
01478;01189
01495;01223
01527;01246
01551;01273
01571;01284
01571;01284
01553;01284
01542;01243
01525;01189
01508;01144
01508;01096
01502;01067
01488;01048
01485;01051
01479;01058
01488;01089
01503;01135
01517;01203
01534;01277
01550;01348
01563;01407
01591;01423
01610;01414
01619;01374
01631;01326
01628;01257
01615;01187
01602;01131
01594;01065
01597;00975
01595;00900
01569;00855
01539;00841
01525;00836
01512;00849
01514;00866
01531;00873
01541;00847
01546;00823
01534;00821
01523;00815
01517;00813
01520;00817
01525;00828
01531;00823
01532;00823
01541;00829
01572;00839
01599;00861
01619;00877
01634;00889
01653;00879
01664;00864
01656;00844
01651;00829
01652;00809
01645;00794
01618;00805
01592;00800
01579;00801
01592;00807
01603;00817
01606;00827
01613;00849
01619;00894
01626;00953
01641;00998
01655;01008
01674;01014
01683;01017
01672;01019
01679;01033
01701;01049
01719;01079
01733;01077
01748;01076
01754;01084
01758;01128
01758;01188
01770;01252
01782;01324
01777;01381
01770;01428
01777;01428
01783;01415
01781;01394
01783;01371
01785;01365
01791;01346
01799;01316
01802;01268
01816;01231
01821;01198
01810;01186
01793;01195
01774;01205
01747;01219
01726;01174
01703;01142
01679;01127
01665;01133
01639;01153
01632;01166
01640;01183
01641;01202
01652;01209
01691;01204
01726;01212
01756;01212
01775;01212
01774;01203
01763;01182
01749;01173
01736;01143
01749;01120
01772;01099
01761;01093
01754;01131
01750;01192
01753;01246
01760;01282
01772;01305
01790;01306
01801;01315
01802;01308
01798;01305
01788;01293
01768;01243
01756;01174
01748;01110
01751;01068
01755;01042
01760;01027
01770;01019
01756;01019
01724;01036
01708;01063
01709;01102
01702;01145
01685;01197
01683;01216
01677;01231
01656;01237
01637;01233
01634;01241
01644;01243
01656;01241
01669;01264
01686;01291
01704;01304
01713;01319
01729;01323
01749;01351
01769;01407
01785;01470
01798;01528
01813;01574
01826;01545
01849;01489
01874;01426
01887;01394
01895;01381
01898;01383
01897;01393
01908;01370
01920;01345
01922;01319
01899;01326
01863;01359
01827;01399
01803;01426
01780;01453
01759;01471
01741;01417
01727;01382
01709;01342
01699;01326
01711;01348
01729;01354
01747;01360
01775;01350
01791;01316
01804;01272
01814;01277
01810;01292
01816;01303
01836;01283
01842;01217
01838;01168
01833;01107
01817;01058
01810;01041
01806;01031
01799;01025
01790;01009
01770;01011
01732;01022
01703;01051
01681;01060
01657;01082
01625;01123
01597;01145
01567;01158
01547;01174
01539;01181
01539;01178
01541;01178
01550;01191
01552;01231
01555;01288
01565;01330
01589;01369
01616;01396
01641;01404
01652;01426
01657;01452
01657;01487
01655;01487
01661;01473
01670;01442
01677;01412
01679;01403
01684;01423
01689;01457
01706;01489
01724;01525
01743;01550
01764;01601
01782;01639
01797;01692
01813;01752
01829;01796
01846;01823
01864;01823
01886;01795
01899;01742
01903;01697
01907;01658
01911;01642
01922;01626
01939;01604
01968;01565
01992;01515
02010;01497
02012;01494
02008;01494
02005;01494
01999;01461
01996;01416
01979;01372
01954;01316
01915;01283
01880;01280
01849;01298
01828;01301
01811;01283
01798;01267
01778;01280
01755;01299
01743;01298
01741;01303
01738;01314
01730;01317
01725;01275
01716;01250
01716;01239
01737;01216
01776;01205
01808;01195
01815;01200
01817;01209
01816;01209
01816;01205
01819;01223
01826;01241
01826;01277
01816;01330
01796;01341
01787;01346
01800;01318
01817;01299
01816;01275
01805;01254
01787;01225
01771;01209
01762;01188
01746;01161
01728;01157
01711;01168
01692;01207
01672;01241
01675;01274
01688;01284
01701;01302
01712;01275
01713;01235
01713;01199
01717;01193
01719;01187
01722;01186
01729;01197
01740;01202
01753;01185
01753;01159
01747;01186
01752;01234
01763;01273
01777;01273
01793;01245
01807;01211
01817;01167
01826;01126
01828;01112
01844;01091
01872;01047
01902;00991
01903;00941
01895;00917
01886;00909
01892;00886
01892;00863
01891;00848
01895;00835
01895;00844
01890;00852
01891;00862
01925;00857
01972;00841
02005;00821
02004;00830
01999;00843
01995;00857
01986;00874
01981;00883
01971;00911
01951;00949
01921;00997
01885;01009
01863;01008
01869;00994
01878;00973
01882;00952
01883;00945
01880;00961
01882;00948
01886;00932
01890;00922
01894;00950
01898;00993
01899;01051
01900;01095
01908;01124
01924;01134
01953;01088
01981;01044
01993;01013
01993;00996
01992;01008
01995;01031
02002;01035
02008;01046
02018;01049
02025;01060
02018;01111
02005;01191
02007;01259
02020;01308
02039;01286
02056;01219
02048;01147
02041;01072
02028;01010
02013;00940
02000;00868
01981;00796
01957;00735
01935;00683
01912;00665
01879;00683
01862;00705
01855;00723
01853;00743
01848;00773
01840;00800
01838;00821
01843;00842
01864;00840
01882;00843
01885;00859
01884;00887
01877;00918
01867;00949
01861;00982
01857;01017
01861;01051
01864;01067
01848;01099
01837;01124
01843;01128
01850;01127
01854;01132
01859;01142
01869;01147
01880;01164
01883;01187
01891;01196
01904;01216
01913;01250
01931;01269
01942;01264
01944;01263
01944;01269
01941;01266
01945;01227
01947;01170
01941;01144
01940;01092
01937;01036
01925;01011
01920;01006
01930;00998
01940;00987
01942;00994
01938;01030
01942;01081
01947;01136
01951;01205
01964;01228
01983;01220
02009;01219
02022;01218
02030;01204
02038;01194
02047;01175
02059;01151
02068;01106
02074;01067
02078;01072
02071;01106
02055;01121
02046;01134
02045;01156
02046;01175
02049;01188
02047;01163
02040;01145
02032;01114
02025;01097
02027;01070
02035;01053
02037;01032
02031;01003
02025;00966
02015;00950
02011;00986
02016;01020
02018;01056
02018;01060
02018;01059
02014;01057
02011;01060
02016;01080
02024;01116
02038;01147
02050;01170
02073;01183
02094;01200
02133;01215
02167;01241
02196;01266
02225;01277
02242;01274
02253;01270
02252;01258
02246;01220
02237;01191
02226;01173
02198;01189
02172;01224
02152;01253
02132;01300
02124;01353
02119;01402
02128;01430
02127;01457
02113;01484
02104;01505
02101;01494
02089;01466
02078;01452
02074;01436
02073;01430
02074;01436
02075;01476
02091;01540
02122;01549
02146;01559
02164;01572
02179;01595
02189;01617
02197;01627
02200;01590
02196;01518
02183;01411
02156;01297
02119;01245
02086;01185
02058;01134
02034;01081
02015;01023
01997;00977
01978;00966
01972;00952
01974;00953
01981;00958
01984;00958
01988;00962
01991;00960
01990;00945
01996;00932
01999;00924
02001;00925
01996;00942
01990;00958
01988;00983
01990;00996
01984;01033
01974;01080
01970;01141
01965;01201
01963;01228
01964;01224
01958;01204
01948;01189
01935;01161
01928;01146
01932;01106
01940;01075
01946;01051
01958;01018
01977;01000
02003;00984
02008;00998
02018;01024
02034;01059
02050;01098
02061;01133
02068;01148
02075;01135
02081;01113
02072;01102
02052;01110
02066;01102
02079;01082
02082;01076
02081;01068
02078;01070
02077;01080
02075;01128
02073;01188
02074;01264
02078;01326
02079;01381
02080;01414
02088;01395
02099;01359
02112;01311
02113;01277
02107;01226
02096;01182
02078;01130
02060;01093
02040;01067
02019;01053
01997;01072
01973;01100
01946;01145
01928;01169
01922;01163
01926;01149
01941;01122
01949;01112
01951;01110
01955;01130
01962;01177
01974;01237
01990;01263
02011;01286
02027;01328
02034;01373
02035;01437
02044;01481
02057;01519
02069;01535
02075;01508
02078;01477
02081;01469
02082;01487
02083;01534
02086;01586
02095;01621
02102;01649
02112;01667
02120;01697
02131;01739
02142;01781
02156;01832
02177;01835
02196;01766
02198;01697
02192;01631
02186;01583
02169;01538
02156;01493
02147;01469
02135;01426
02121;01371
02102;01351
02081;01383
02073;01409
02073;01432
02077;01441
02087;01462
02092;01460
02096;01429
02110;01398
02122;01356
02119;01330
02112;01313
02110;01311
02104;01310
02095;01314
02093;01301
02092;01315
02092;01338
02079;01380
02061;01438
02059;01475
02065;01472
02073;01452
02085;01439
02095;01448
02108;01484
02131;01502
02149;01524
02170;01545
02197;01557
02218;01570
02230;01611
02240;01634
02244;01636
02240;01619
02235;01583
02220;01544
02208;01486
02192;01403
02168;01318
02141;01255
02115;01208
02091;01181
02072;01175
02059;01158
02047;01131
02041;01110
02034;01108
02023;01127
02019;01156
02017;01174
02016;01151
02009;01130
02006;01107
02005;01111
01997;01162
01987;01227
01984;01292
01988;01341
01993;01383
01999;01401
02008;01439
02020;01465
02025;01497
02024;01510
02024;01495
02024;01478
02021;01456
02025;01447
02030;01434
02031;01443
02034;01464
02040;01493
02058;01508
02078;01513
02096;01517
02110;01520
02123;01531
02135;01536
02151;01521
02163;01495
02164;01450
02159;01405
02156;01363
02151;01335
02147;01346
02140;01361
02132;01358
02119;01374
02103;01393
02098;01417
02101;01453
02104;01486
02101;01525
02102;01557
02101;01545
02104;01492
02111;01401
02108;01309
02092;01241
02070;01194
02050;01157
02035;01128
02018;01092
01998;01062
01981;01032
01964;01039
01943;01113
01937;01173
01942;01239
01953;01266
01967;01267
01982;01269
01996;01262
02010;01241
02022;01220
02021;01214
02018;01187
02014;01164
02014;01145
02016;01193
02014;01233
02010;01268
02013;01309
02014;01355
02013;01410
02025;01417
02039;01400
02047;01383
02050;01359
02052;01296
02050;01280
02048;01281
02044;01289
02044;01297
02042;01292
02039;01305
02033;01340
02029;01381
02022;01420
02014;01442
02010;01425
02006;01399
02000;01374
01996;01352
01996;01331
01993;01341
01991;01355
01991;01370
01997;01398
02002;01438
02005;01482
02010;01521
02015;01549
02021;01581
02029;01588
02034;01557
02038;01515
02043;01465
02050;01400
02060;01346
02071;01316
02081;01297
02090;01281
02095;01263
02100;01261
02105;01278
02115;01315
02121;01379
02126;01427
02127;01447
02127;01427
02125;01423
02121;01427
02119;01418
02119;01445
02124;01479
02126;01522
02130;01536
02132;01571
02135;01631
02141;01744
02152;01795
02165;01811
02173;01810
02166;01785
02158;01742
02153;01668
02148;01583
02135;01503
02123;01425
02106;01330
02085;01258
02062;01222
02039;01208
02029;01196
02019;01192
02005;01219
01994;01274
01990;01314
01987;01343
01987;01332
01994;01326
01997;01304
01997;01287
01997;01274
02004;01271
02006;01298
02004;01312
02005;01316
02004;01334
02000;01374
01993;01414
01989;01467
01991;01525
01995;01564
01997;01591
01998;01538
02003;01480
02006;01426
02004;01364
02001;01324
01988;01286
01974;01245
01961;01197
01944;01163
01926;01132
01916;01127
01904;01125
01888;01142
01873;01153
01862;01125
01859;01100
01857;01082
01852;01069
01848;01066
01844;01072
01838;01103
01832;01131
01831;01156
01837;01178
01843;01205
01849;01239
01856;01278
01866;01309
01875;01327
01885;01340
01893;01299
01895;01269
01894;01227
01886;01198
01877;01217
01872;01233
01869;01241
01864;01243
01858;01247
01850;01251
01844;01294
01847;01337
01847;01386
01850;01414
01853;01383
01852;01345
01852;01302
01849;01266
01849;01247
01853;01238
01858;01237
01863;01252
01871;01270
01879;01309
01888;01360
01898;01411
01904;01453
01910;01500
01922;01490
01931;01489
01926;01477
01923;01439
01921;01388
01918;01340
01915;01337
01910;01318
01905;01321
01908;01318
01896;01340
01886;01346
01892;01344
01894;01345
01888;01365
01885;01360
01881;01303
01874;01260
01871;01226
01866;01181
01861;01164
01854;01150
01842;01154
01833;01148
01825;01124
01815;01098
01799;01090
01782;01088
01762;01078
01742;01082
01725;01065
01711;01054
01696;01022
01682;00992
01679;00980
01677;00988
01681;01032
01688;01057
01696;01080
01703;01112
01714;01135
01723;01133
01727;01148
01729;01171
01729;01179
01726;01170
01718;01115
01713;01074
01708;01018
01699;00954
01686;00915
01674;00890
01666;00867
01657;00860
01649;00864
01642;00879
01642;00912
01643;00948
01643;00996
01645;01030
01650;01034
01650;01045
01651;01032
01652;00990
01652;00932
01648;00878
01638;00824
01623;00767
01612;00705
01599;00646
01582;00594
01565;00522
01543;00459
01514;00403
01485;00369
01459;00331
01441;00293
01430;00248
01414;00206
01395;00170
01382;00153
01374;00147
01371;00147
01372;00151
01374;00154
01377;00161
01378;00164
01375;00176
01377;00194
01382;00204
01386;00207
01388;00218
01395;00233
01403;00245
01411;00246
01417;00240
01420;00236
01423;00235
01422;00235
01423;00242
01426;00249
01428;00249
01427;00246
01428;00252
01430;00268
01432;00285
01437;00301
01446;00309
01455;00313
01468;00309
01473;00314
01479;00325
01488;00341
01491;00353
01490;00360
01492;00370
01492;00384
01494;00404
01496;00420
01495;00453
01501;00462
01508;00465
01516;00455
01529;00435
01533;00419
01535;00402
01537;00387
01537;00373
01537;00361
01537;00343
01538;00333
01539;00331
01538;00343
01540;00369
01551;00386
01557;00406
01563;00417
01570;00417
01578;00416
01586;00415
01595;00427
01607;00440
01617;00457
01629;00469
01643;00487
01665;00485
01672;00489
01676;00502
01682;00519
01684;00534
01687;00532
01684;00519
01672;00497
01654;00470
01630;00444
01606;00439
01600;00439
01596;00439
01590;00438
01585;00445
01580;00458
01580;00482
01591;00509
01608;00542
01624;00565
01638;00592
01645;00608
01654;00615
01666;00618
01679;00612
01689;00630
01702;00649
01714;00658
01720;00647
01716;00645
01709;00637
01702;00632
01695;00645
01690;00667
01686;00697
01686;00703
01680;00722
01674;00743
01678;00765
01691;00769
01702;00767
01707;00772
01702;00770
01694;00763
01685;00756
01676;00756
01670;00739
01662;00728
01656;00736
01654;00749
01653;00763
01657;00761
01669;00746
01682;00717
01686;00679
01684;00649
01683;00625
01686;00608
01685;00594
01682;00597
01683;00606
01686;00617
01688;00641
01688;00687
01697;00734
01711;00775
01724;00818
01738;00846
01756;00842
01767;00812
01768;00782
01765;00770
01764;00760
01762;00740
01758;00727
01752;00714
01743;00693
01727;00679
01705;00707
01697;00759
01706;00823
01725;00860
01746;00887
01770;00922
01806;00940
01831;00933
01839;00927
01849;00927
01856;00909
01859;00889
01857;00864
01848;00858
01840;00861
01830;00863
01812;00895
01808;00956
01826;01019
01850;01081
01880;01135
01911;01158
01949;01146
01981;01139
02000;01138
02005;01128
02006;01099
02004;01056
02000;01009
01998;00955
01993;00907
01980;00890
01963;00895
01954;00860
01946;00796
01938;00740
01926;00698
01919;00668
01909;00640
01889;00621
01867;00602
01852;00589
01839;00589
01820;00616
01810;00666
01820;00703
01841;00706
01855;00695
01859;00677
01869;00649
01874;00621
01873;00594
01871;00563
01869;00554
01869;00550
01861;00557
01849;00584
01841;00610
01846;00644
01849;00686
01860;00742
01879;00784
01896;00823
01913;00835
01930;00828
01950;00814
01964;00813
01976;00830
01987;00853
02008;00862
02049;00834
02078;00817
02078;00813
02070;00819
02061;00844
02054;00877
02054;00892
02056;00901
02061;00911
02061;00916
02047;00927
02046;00921
02060;00916
02075;00916
02085;00899
02094;00873
02114;00844
02138;00810
02154;00773
02152;00768
02135;00792
02126;00824
02142;00822
02153;00794
02156;00772
02156;00755
02146;00760
02133;00779
02123;00807
02131;00815
02150;00820
02170;00834
02167;00881
02179;00943
02205;01003
02227;01074
02251;01137
02279;01196
02304;01255
02332;01286
02352;01289
02366;01268
02378;01244
02395;01246
02424;01252
02443;01238
02449;01213
02445;01176
02446;01126
02445;01109
02437;01121
02427;01154
02431;01169
02421;01139
02391;01113
02377;01092
02371;01077
02388;01029
02411;00973
02416;00928
02414;00885
02422;00851
02425;00830
02422;00841
02434;00861
02452;00866
02467;00827
02451;00807
02402;00807
02363;00809
02341;00793
02310;00770
02280;00753
02266;00741
02250;00720
02228;00712
02208;00748
02213;00776
02222;00797
02226;00806
02227;00825
02234;00846
02239;00865
02242;00854
02244;00826
02240;00795
02233;00776
02220;00795
02235;00824
02260;00854
02284;00886
02312;00921
02334;00945
02334;00996
02334;01069
02342;01148
02352;01210
02380;01229
02416;01226
02436;01226
02441;01214
02433;01202
02432;01202
02445;01214
02461;01228
02483;01218
02496;01184
02464;01180
02410;01190
02371;01204
02346;01223
02327;01239
02316;01236
02312;01169
02293;01087
02257;01029
02227;01016
02218;01024
02224;01067
02231;01119
02240;01171
02258;01227
02276;01279
02288;01339
02299;01391
02309;01449
02315;01511
02321;01563
02323;01592
02324;01586
02330;01555
02331;01527
02318;01529
02308;01560
02316;01635
02334;01699
02351;01730
02364;01749
02379;01754
02392;01783
02393;01835
02397;01872
02406;01894
02412;01884
02417;01845
02416;01805
02419;01795
02431;01776
02458;01738
02476;01701
02486;01686
02505;01666
02512;01645
02512;01635
02510;01625
02509;01632
02505;01607
02498;01593
02477;01605
02482;01581
02488;01526
02485;01469
02477;01417
02476;01384
02471;01363
02460;01341
02474;01338
02477;01334
02464;01329
02427;01370
02400;01426
02374;01504
02369;01590
02369;01635
02374;01670
02389;01685
02383;01702
02386;01713
02397;01738
02415;01749
02432;01757
02450;01761
02465;01757
02500;01743
02513;01715
02504;01707
02494;01715
02485;01753
02473;01773
02462;01768
02458;01747
02453;01715
02449;01682
02424;01707
02425;01773
02446;01811
02477;01819
02500;01786
02512;01746
02518;01739
02522;01753
02520;01776
02513;01807
02504;01800
02497;01750
02492;01698
02481;01663
02469;01666
02468;01709
02475;01735
02477;01765
02483;01799
02498;01818
02537;01818
02562;01816
02562;01846
02561;01894
02562;01926
02563;01926
02563;01902
02564;01848
02559;01783
02544;01724
02505;01712
02472;01748
02468;01765
02463;01751
02468;01730
02478;01685
02492;01678
02514;01699
02529;01679
02532;01644
02535;01595
02533;01520
02517;01454
02496;01401
02477;01376
02461;01397
02444;01404
02423;01420
02420;01498
02439;01587
02457;01691
02486;01768
02508;01834
02530;01897
02545;01930
02553;01929
02557;01918
02557;01856
02548;01773
02539;01702
02527;01649
02511;01652
02503;01668
02503;01677
02513;01666
02527;01654
02541;01668
02559;01724
02579;01774
02595;01817
02620;01800
02648;01738
02670;01679
02690;01632
02714;01601
02756;01572
02801;01535
02827;01518
02848;01511
02853;01503
02836;01542
02815;01592
02805;01644
02801;01661
02806;01654
02778;01637
02720;01613
02661;01561
02601;01516
02557;01469
02527;01434
02501;01433
02481;01421
02472;01402
02441;01408
02408;01420
02400;01452
02406;01498
02418;01532
02429;01560
02442;01545
02448;01484
02449;01427
02425;01400
02394;01404
02369;01445
02356;01480
02347;01515
02337;01557
02334;01614
02334;01684
02328;01763
02322;01851
02322;01946
02332;02015
02350;02031
02362;02004
02366;01956
02377;01909
02384;01852
02401;01797
02422;01748
02424;01688
02426;01624
02420;01568
02403;01540
02386;01563
02377;01589
02362;01617
02351;01645
02332;01663
02317;01670
02322;01690
02331;01701
02350;01730
02378;01781
02407;01795
02427;01827
02443;01848
02460;01866
02467;01888
02468;01930
02471;01953
02482;01979
02480;01986
02467;01973
02454;01976
02451;01946
02446;01922
02438;01901
02442;01902
02449;01900
02448;01900
02438;01913
02443;01928
02459;01945
02474;01958
02482;01987
02491;02010
02496;02024
02498;02004
02510;01938
02548;01861
02573;01775
02585;01703
02580;01652
02570;01609
02564;01573
02558;01541
02554;01496
02551;01487
02538;01529
02498;01585
02462;01645
02433;01693
02417;01722
02407;01741
02399;01723
02391;01710
02386;01705
02391;01689
02390;01699
02388;01727
02391;01756
02398;01775
02409;01802
02424;01833
02438;01893
02453;01938
02465;01989
02465;02003
02475;01955
02493;01880
02513;01797
02510;01732
02496;01667
02480;01614
02464;01588
02448;01579
02433;01581
02430;01613
02428;01657
02412;01708
02399;01767
02415;01822
02430;01897
02443;01919
02457;01890
02465;01859
02469;01830
02470;01800
02479;01780
02505;01742
02494;01712
02476;01670
02459;01586
02444;01521
02429;01482
02411;01452
02397;01430
02380;01400
02357;01363
02322;01337
02318;01299
02315;01280
02316;01282
02315;01308
02308;01344
02306;01371
02306;01408
02304;01476
02303;01556
02304;01661
02314;01763
02334;01834
02356;01872
02373;01880
02396;01878
02423;01881
02448;01853
02471;01823
02495;01807
02507;01778
02514;01754
02513;01749
02514;01758
02526;01780
02535;01787
02528;01791
02524;01783
02519;01742
02508;01673
02505;01605
02508;01530
02529;01453
02536;01390
02533;01355
02525;01359
02527;01361
02531;01391
02539;01444
02549;01504
02562;01528
02559;01576
02533;01629
02516;01675
02504;01685
02497;01664
02497;01618
02497;01537
02483;01471
02468;01431
02448;01423
02430;01399
02420;01368
02422;01320
02425;01279
02424;01255
02415;01251
02402;01284
02401;01299
02413;01272
02429;01243
02450;01198
02462;01161
02464;01145
02466;01161
02477;01196
02496;01233
02520;01244
02524;01278
02518;01328
02500;01390
02486;01470
02488;01539
02494;01596
02499;01616
02501;01590
02500;01567
02503;01543
02511;01516
02523;01522
02537;01526
02550;01522
02559;01515
02562;01515
02564;01535
02566;01575
02562;01602
02542;01647
02535;01647
02523;01600
02515;01549
02509;01500
02501;01476
02497;01459
02493;01458
02492;01496
02499;01537
02520;01578
02537;01640
02555;01720
02573;01782
02587;01857
02597;01918
02606;01994
02617;02024
02623;02002
02627;01988
02635;01960
02645;01954
02653;01985
02682;01989
02724;01955
02748;01900
02761;01826
02780;01780
02806;01734
02809;01699
02805;01686
02805;01636
02805;01543
02786;01483
02754;01429
02747;01385
02749;01336
02727;01308
02695;01295
02682;01269
02669;01256
02645;01275
02626;01292
02611;01327
02591;01393
02564;01468
02545;01541
02549;01553
02543;01548
02525;01533
02512;01481
02500;01440
02491;01430
02489;01408
02490;01378
02486;01337
02488;01293
02485;01301
02492;01328
02506;01368
02527;01431
02546;01453
02555;01444
02559;01439
02568;01439
02583;01453
02585;01485
02585;01519
02593;01550
02606;01574
02623;01569
02628;01595
02626;01651
02621;01713
02609;01783
02602;01854
02606;01899
02610;01911
02606;01901
02601;01852
02576;01807
02556;01761
02544;01728
02535;01678
02525;01623
02512;01580
02497;01558
02490;01553
02479;01578
02465;01633
02477;01680
02490;01690
02496;01645
02499;01602
02500;01552
02503;01493
02503;01442
02493;01403
02484;01353
02475;01310
02452;01292
02436;01307
02434;01333
02430;01359
02431;01396
02433;01429
02439;01442
02446;01440
02449;01414
02454;01388
02464;01369
02470;01365
02477;01396
02488;01437
02504;01457
02513;01452
02512;01451
02510;01448
02512;01473
02510;01513
02509;01556
02511;01555
02510;01506
02509;01450
02504;01403
02508;01375
02510;01360
02507;01364
02510;01364
02515;01334
02517;01307
02511;01318
02505;01349
02496;01360
02482;01372
02469;01372
02462;01378
02457;01363
02452;01346
02452;01356
02459;01362
02473;01363
02492;01404
02511;01461
02536;01500
02549;01542
02565;01549
02576;01561
02582;01580
02579;01600
02574;01621
02575;01609
02577;01543
02572;01493
02563;01477
02568;01492
02574;01521
02587;01559
02606;01580
02617;01588
02621;01593
02621;01635
02618;01706
02623;01773
02629;01828
02626;01879
02623;01919
02614;01933
02607;01962
02614;01987
02633;01985
02643;01970
02647;01972
02648;01983
02643;02000
02642;01988
02635;01961
02634;01947
02636;01937
02637;01938
02629;01945
02626;01906
02622;01808
02604;01693
02584;01566
02568;01456
02558;01397
02555;01359
02546;01325
02535;01268
02515;01235
02496;01250
02479;01297
02477;01340
02495;01384
02514;01420
02526;01427
02524;01422
02524;01414
02531;01418
02543;01422
02561;01426
02580;01452
02603;01454
02598;01452
02582;01452
02575;01456
02582;01463
02595;01460
02610;01444
02629;01425
02630;01402
02626;01337
02614;01300
02610;01266
02613;01227
02614;01196
02604;01181
02586;01181
02562;01210
02535;01241
02525;01287
02524;01350
02537;01398
02555;01434
02575;01467
02611;01459
02642;01441
02654;01411
02660;01371
02664;01320
02664;01257
02651;01225
02633;01199
02623;01177
02605;01162
02566;01183
02539;01202
02533;01241
02528;01284
02519;01336
02518;01373
02535;01365
02547;01355
02548;01360
02565;01372
02581;01401
02588;01442
02598;01472
02612;01494
02624;01508
02626;01541
02617;01595
02615;01668
02616;01734
02619;01790
02632;01816
02649;01815
02657;01788
02654;01785
02655;01801
02666;01792
02676;01795
02678;01773
02675;01763
02667;01762
02651;01767
02633;01798
02622;01858
02627;01897
02634;01905
02631;01890
02632;01828
02633;01778
02637;01711
02637;01633
02631;01584
02622;01541
02614;01507
02609;01479
02596;01470
02592;01524
02592;01601
02598;01699
02602;01806
02611;01919
02648;01972
02689;01981
02723;01921
02747;01842
02775;01763
02789;01675
02790;01617
02783;01545
02772;01470
02767;01390
02748;01329
02718;01294
02687;01325
02662;01369
02635;01412
02620;01427
02615;01408
02612;01386
02606;01362
02593;01347
02579;01382
02578;01408
02573;01437
02565;01457
02557;01475
02556;01515
02564;01555
02575;01600
02592;01654
02611;01705
02625;01708
02638;01712
02671;01693
02712;01674
02755;01630
02771;01580
02782;01563
02788;01544
02786;01540
02778;01538
02772;01545
02766;01549
02740;01551
02705;01560
02668;01600
02645;01627
02619;01617
02603;01615
02597;01598
02598;01572
02602;01574
02611;01565
02612;01559
02612;01548
02611;01545
02610;01565
02612;01589
02614;01608
02617;01630
02620;01663
02616;01664
02609;01682
02615;01680
02622;01680
02627;01670
02639;01654
02653;01680
02666;01705
02675;01728
02679;01743
02682;01749
02681;01759
02688;01799
02704;01830
02721;01853
02732;01857
02733;01815
02728;01785
02725;01751
02724;01729
02727;01747
02733;01764
02733;01798
02728;01852
02727;01935
02735;02012
02751;02080
02761;02132
02764;02182
02765;02207
02767;02202
02773;02184
02775;02117
02767;02043
02762;01956
02751;01892
02749;01880
02750;01870
02753;01864
02756;01867
02756;01865
02757;01881
02757;01932
02769;01990
02782;02032
02791;02040
02789;02015
02791;01976
02804;01934
02817;01889
02834;01868
02834;01848
02842;01840
02867;01784
02868;01745
02853;01753
02840;01760
02830;01789
02818;01810
02796;01833
02769;01847
02757;01845
02740;01813
02702;01833
02687;01837
02701;01808
02706;01819
02702;01827
02697;01843
02705;01861
02711;01870
02710;01900
02709;01957
02714;01991
02718;02030
02717;02039
02725;01994
02737;01947
02757;01887
02759;01837
02765;01812
02795;01751
02805;01696
02808;01651
02806;01620
02795;01631
02788;01670
02785;01697
02781;01715
02804;01700
02822;01666
02800;01667
02798;01642
02803;01610
02818;01553
02837;01513
02840;01498
02839;01481
02829;01492
02805;01515
02783;01523
02774;01529
02767;01562
02770;01578
02760;01594
02751;01592
02755;01534
02756;01485
02762;01431
02774;01385
02785;01387
02801;01395
02820;01387
02839;01346
02847;01312
02851;01282
02853;01272
02855;01279
02852;01273
02835;01274
02827;01265
02821;01258
02811;01216
02783;01205
02766;01189
02755;01185
02746;01191
02747;01158
02745;01137
02742;01123
02732;01087
02717;01052
02703;01062
02698;01090
02704;01109
02714;01101
02714;01062
02701;01049
02690;01034
02683;01027
02685;01037
02692;01029
02693;01025
02692;01032
02686;01065
02669;01100
02659;01160
02654;01218
02651;01266
02652;01281
02645;01301
02642;01338
02645;01329
02644;01300
02639;01261
02640;01240
02644;01234
02651;01228
02658;01214
02656;01218
02655;01216
02653;01207
02648;01225
02645;01257
02642;01293
02641;01323
02644;01319
02643;01311
02645;01312
02658;01310
02670;01306
02682;01284
02693;01269
02707;01238
02719;01191
02723;01155
02727;01133
02729;01121
02731;01108
02721;01096
02705;01092
02686;01100
02673;01092
02663;01102
02656;01115
02654;01113
02651;01125
02648;01132
02642;01153
02646;01184
02655;01194
02666;01205
02676;01227
02678;01226
02675;01240
02672;01259
02670;01244
02666;01235
02668;01220
02673;01199
02678;01189
02681;01194
02686;01201
02695;01225
02710;01260
02725;01289
02732;01334
02739;01381
02745;01429
02748;01472
02750;01497
02751;01494
02745;01469
02742;01434
02731;01375
02714;01338
02704;01322
02694;01290
02682;01265
02671;01230
02660;01201
02650;01184
02642;01201
02630;01249
02627;01291
02632;01311
02634;01285
02637;01272
02642;01250
02648;01223
02652;01221
02659;01218
02666;01198
02673;01159
02674;01147
02671;01124
02658;01126
02643;01123
02623;01131
02606;01146
02592;01139
02577;01139
02563;01136
02554;01126
02550;01109
02552;01126
02570;01169
02590;01210
02607;01225
02620;01230
02633;01223
02642;01197
02642;01180
02635;01176
02629;01175
02622;01174
02609;01130
02599;01081
02594;01046
02595;01027
02596;01026
02595;01028
02600;01029
02610;01034
02619;01041
02628;01023
02635;01023
02641;01018
02649;01014
02647;00996
02640;00981
02638;00972
02635;00951
02629;00919
02622;00895
02616;00881
02613;00900
02616;00943
02620;00996
02630;01040
02639;01065
02650;01091
02661;01129
02677;01159
02691;01179
02706;01208
02717;01171
02722;01116
02725;01054
02729;01012
02733;00997
02738;00984
02743;00982
02744;00989
02736;00994
02724;00981
02714;01011
02707;01051
02696;01100
02682;01136
02673;01172
02666;01206
02660;01204
02656;01205
02658;01218
02666;01229
02673;01248
02671;01255
02668;01241
02668;01229
02668;01201
02667;01174
02666;01174
02666;01162
02664;01141
02657;01135
02649;01081
02647;01029
02643;00982
02637;00948
02626;00931
02616;00928
02605;00927
02596;00933
02589;00932
02582;00921
02576;00932
02570;00957
02568;00991
02572;01016
02578;01036
02583;01051
02590;01059
02600;01048
02610;01031
02621;01024
02637;01049
02656;01058
02674;01051
02683;01034
02683;01005
02677;00976
02670;00968
02666;00985
02663;01018
02659;01039
02651;01009
02644;00981
02638;00966
02641;00959
02648;00965
02655;00981
02660;00982
02660;00979
02659;00965
02655;00947
02644;00963
02629;00997
02615;01035
02599;01072
02587;01107
02579;01135
02571;01162
02564;01156
02555;01156
02552;01173
02562;01200
02571;01215
02579;01235
02587;01256
02592;01260
02593;01247
02591;01222
02587;01228
02587;01238
02587;01246
02584;01209
02582;01165
02580;01111
02578;01068
02579;01048
02581;01035
02581;01022
02579;01025
02577;01013
02573;00999
02571;01019
02571;01046
02566;01061
02560;01063
02555;01050
02550;01060
02553;01056
02563;01026
02572;01009
02580;00998
02587;00993
02598;00977
02604;00975
02608;00969
02607;00951
02604;00898
02596;00869
02585;00852
02574;00836
02565;00824
02555;00781
02544;00739
02538;00696
02534;00663
02528;00658
02525;00670
02529;00680
02534;00680
02535;00662
02531;00637
02525;00641
02517;00657
02508;00677
02502;00688
02503;00684
02505;00676
02502;00657
02499;00646
02501;00654
02509;00654
02520;00658
02529;00663
02531;00669
02531;00679
02529;00690
02529;00699
02533;00722
02536;00741
02536;00761
02533;00783
02526;00776
02519;00766
02520;00767
02522;00773
02522;00787
02518;00808
02512;00829
02509;00864
02509;00895
02509;00930
02509;00963
02504;01002
02498;01024
02496;01047
02499;01071
02504;01087
02510;01081
02513;01056
02518;01033
02527;01005
02540;01005
02556;01007
02570;01013
02583;01023
02595;01025
02606;01023
02614;01043
02625;01074
02633;01094
02637;01123
02641;01119
02646;01081
02645;01035
02636;00980
02629;00934
02624;00889
02619;00844
02611;00805
02601;00777
02584;00742
02564;00733
02547;00751
02540;00780
02543;00811
02546;00844
02550;00879
02555;00900
02559;00897
02564;00887
02576;00883
02592;00890
02603;00900
02608;00902
02609;00905
02609;00899
02608;00893
02605;00891
02601;00902
02597;00922
02594;00936
02586;00909
02581;00867
02582;00830
02589;00794
02596;00770
02595;00755
02585;00757
02580;00774
02576;00785
02573;00792
02573;00831
02579;00878
02580;00910
02575;00934
02570;00938
02575;00940
02591;00922
02603;00887
02605;00856
02604;00837
02606;00831
02607;00833
02609;00852
02616;00871
02622;00893
02628;00915
02634;00953
02647;00997
02663;01039
02677;01066
02690;01055
02700;01021
02706;00993
02711;00975
02719;00981
02728;00979
02733;00974
02736;00969
02739;00960
02745;00976
02755;01024
02771;01089
02792;01141
02805;01174
02812;01188
02820;01204
02825;01189
02822;01141
02819;01095
02819;01031
02819;00979
02817;00922
02800;00866
02781;00827
02768;00785
02751;00739
02725;00733
02705;00749
02689;00763
02668;00786
02644;00774
02618;00755
02601;00746
02597;00735
02593;00745
02593;00766
02601;00773
02610;00780
02618;00773
02623;00761
02620;00767
02616;00787
02612;00806
02607;00823
02599;00825
02589;00821
02579;00812
02566;00791
02554;00777
02543;00760
02538;00755
02534;00751
02532;00749
02528;00739
02526;00719
02526;00693
02529;00680
02535;00690
02546;00711
02563;00732
02570;00723
02569;00695
02571;00669
02575;00654
02572;00667
02565;00687
02556;00697
02546;00703
02535;00712
02519;00724
02512;00756
02513;00794
02510;00821
02501;00843
02498;00859
02499;00882
02501;00905
02505;00914
02514;00913
02522;00901
02530;00899
02533;00902
02538;00907
02547;00897
02553;00869
02554;00832
02557;00806
02561;00799
02560;00796
02562;00811
02573;00806
02593;00784
02617;00769
02641;00770
02667;00802
02691;00833
02710;00847
02727;00865
02751;00875
02767;00877
02778;00883
02781;00899
02783;00906
02774;00921
02763;00897
02756;00870
02752;00840
02746;00798
02742;00767
02746;00728
02736;00696
02718;00695
02701;00711
02697;00718
02697;00736
02702;00760
02712;00792
02722;00815
02725;00845
02710;00881
02700;00898
02698;00876
02695;00842
02691;00807
02687;00791
02676;00760
02660;00739
02637;00744
02618;00755
02615;00773
02624;00807
02633;00847
02642;00879
02647;00913
02654;00933
02662;00958
02670;00953
02683;00925
02699;00894
02713;00853
02716;00833
02720;00832
02724;00842
02734;00853
02751;00860
02771;00870
02787;00909
02797;00957
02794;00997
02800;01034
02819;01030
02827;01018
02826;01006
02816;00994
02799;01018
02783;01044
02776;01067
02781;01089
02793;01104
02795;01116
02784;01131
02773;01147
02769;01151
02769;01149
02766;01122
02764;01103
02760;01065
02746;01033
02735;01006
02732;00985
02744;00999
02768;01008
02784;00988
02788;00965
02791;00939
02782;00908
02770;00898
02765;00889
02764;00881
02758;00867
02746;00818
02716;00763
02689;00756
02673;00758
02662;00769
02659;00768
02658;00772
02660;00777
02658;00789
02652;00795
02643;00809
02655;00833
02676;00852
02698;00868
02722;00862
02746;00852
02770;00822
02770;00783
02759;00742
02751;00713
02747;00707
02745;00705
02743;00687
02739;00672
02736;00648
02729;00625
02718;00615
02713;00624
02723;00627
02734;00628
02737;00611
02740;00584
02745;00575
02754;00562
02758;00572
02767;00591
02781;00610
02812;00625
02845;00642
02860;00664
02873;00693
02878;00730
02871;00767
02856;00821
02843;00865
02828;00905
02807;00934
02779;00935
02747;00934
02736;00928
02735;00937
02741;00938
02752;00914
02769;00883
02773;00856
02774;00841
02780;00833
02790;00826
02790;00797
02764;00765
02731;00712
02689;00655
02639;00616
02586;00577
02545;00555
02503;00524
02453;00508
02399;00507
02351;00528
02328;00553
02308;00569
02289;00589
02276;00600
02260;00607
02241;00593
02227;00579
02217;00546
02208;00506
02199;00464
02190;00427
02184;00400
02180;00387
02177;00381
02176;00384
02177;00392
02180;00402
02184;00419
02189;00440
02195;00466
02202;00486
02207;00498
02213;00487
02215;00472
02217;00446
02219;00426
02220;00407
02220;00399
02221;00394
02221;00389
02218;00382
02214;00375
02211;00386
02211;00401
02211;00416
02212;00424
02211;00432
02212;00431
02215;00427
02221;00414
02228;00403
02235;00403
02240;00405
02242;00402
02243;00404
02243;00409
02244;00414
02245;00421
02242;00432
02236;00459
02231;00487
02228;00512
02226;00521
02239;00532
02254;00534
02262;00538
02268;00552
02274;00569
02280;00576
02286;00572
02296;00570
02308;00566
02313;00567
02300;00565
02281;00564
02261;00549
02241;00508
02216;00460
02191;00420
02167;00379
02137;00325
02105;00267
02075;00216
02050;00172
02032;00136
02019;00109
02011;00093
02005;00078
02000;00067
01995;00061
01989;00065
01985;00073
01980;00078
01976;00078
01972;00085
01967;00110
01963;00135
01960;00159
01956;00183
01953;00208
01949;00237
01945;00260
01941;00285
01938;00318
01934;00335
01931;00330
01928;00325
01925;00318
01921;00312
01918;00296
01915;00279
01912;00275
01910;00265
01908;00245
01907;00223
01905;00203
01903;00185
01902;00175
01902;00165
01901;00162
01900;00158
01899;00149
01899;00141
01897;00135
01896;00130
01895;00126
01893;00129
01892;00126
01890;00121
01888;00113
01887;00106
01885;00096
01885;00084
01884;00081
01883;00079
01882;00073
01881;00063
01880;00051
01879;00058
01878;00071
01877;00082
01876;00101
01875;00125
01874;00151
01872;00178
01870;00203
01868;00226
01866;00255
01864;00275
01862;00289
01861;00300
01859;00305
01858;00304
01857;00295
01857;00285
01856;00277
01856;00276
01856;00269
01856;00251
