035
1.29
PD500-0212
001157 001239 001049
1.11 1.40 1.30
CORE ELEA 2
21.06.2015
16:17:03
010
10000
05014
1
05000
03126
0150
5000
0053
0454
01812
01014
4
1
1
1
1
1
-02,9
089,2
+01,2
011,9
0
0
0
0
0
000
00000
0
0
000
000
00000
0
0
0
000
00000


0
0
0
00000
000
00000
0
000
000
000
00000
00000
000
000
00000
000
000
00000
000
000
00000
0
0
0
00000
00000
000
000
00,0
000
000
000
00000
000
000
0
0
0
00000
000
00000
000
000
0
0
0
00000
00000
00000
00000
00000
00000
0
0
000
00000
000
0
000
00000
000
0
00000
000000




00000-00000: 
00000-00000: 
00000-00000: 
00000-00000: 
00000-00000: 
00000-00000: 
ENDI 1





00000;00000
00000;00000
00000;00000
00000;00000
00000;00000
00000;00000
00000;00000
00000;00000
00000;00000
00000;00000
00000;00000
00000;00000
00000;00000
00000;00000
00000;00000
00000;00000
00000;00000
00000;00000
00000;00000
00000;00000
00000;00000
00000;00000
00000;00000
00000;00000
00000;00000
00000;00000
00000;00000
00000;00000
00000;00000
00000;00000
00000;00001
00000;00006
00000;00011
00000;00012
00000;00012
00000;00012
00000;00014
00000;00017
00000;00029
00000;00042
00001;00059
00003;00073
00006;00084
00010;00094
00016;00107
00020;00117
00023;00129
00027;00138
00032;00138
00038;00135
00044;00128
00050;00125
00057;00134
00062;00150
00068;00160
00075;00176
00081;00187
00087;00194
00088;00197
00086;00204
00082;00209
00078;00212
00073;00199
00069;00186
00064;00178
00060;00167
00056;00161
00050;00170
00050;00190
00054;00194
00055;00200
00056;00207
00055;00217
00054;00222
00054;00224
00054;00227
00056;00233
00059;00221
00060;00202
00057;00195
00058;00183
00060;00172
00059;00166
00057;00166
00054;00169
00049;00180
00044;00183
00041;00192
00036;00199
00032;00206
00027;00216
00022;00218
00018;00209
00016;00197
00012;00188
00010;00167
00008;00144
00004;00136
00002;00151
00001;00178
00003;00222
00008;00287
00018;00382
00032;00507
00052;00607
00075;00681
00095;00749
00114;00782
00130;00784
00144;00766
00155;00732
00162;00698
00167;00637
00166;00548
00160;00483
00151;00449
00146;00428
00143;00433
00144;00443
00147;00460
00153;00469
00162;00463
00170;00451
00180;00434
00189;00414
00197;00395
00208;00374
00215;00351
00218;00339
00221;00323
00222;00315
00221;00302
00217;00297
00210;00293
00204;00297
00204;00294
00199;00292
00195;00286
00197;00271
00200;00256
00199;00243
00197;00242
00201;00241
00207;00249
00213;00251
00218;00262
00225;00272
00232;00280
00235;00288
00238;00301
00243;00313
00249;00316
00255;00314
00265;00305
00274;00297
00280;00291
00285;00286
00292;00288
00303;00289
00308;00284
00307;00281
00306;00285
00305;00293
00301;00298
00297;00307
00294;00309
00291;00314
00288;00314
00286;00317
00292;00324
00306;00331
00321;00338
00338;00355
00354;00379
00364;00391
00375;00397
00383;00393
00387;00390
00390;00389
00390;00393
00393;00396
00397;00393
00395;00384
00393;00383
00400;00395
00408;00420
00420;00456
00437;00486
00454;00523
00471;00552
00483;00588
00495;00617
00508;00636
00511;00630
00507;00621
00505;00600
00503;00577
00495;00559
00490;00532
00487;00502
00482;00465
00475;00445
00471;00444
00478;00459
00492;00470
00505;00494
00516;00517
00529;00513
00529;00506
00519;00512
00511;00520
00502;00518
00492;00494
00481;00470
00471;00446
00461;00415
00451;00387
00442;00393
00448;00409
00458;00403
00460;00395
00458;00395
00455;00411
00455;00423
00452;00434
00448;00436
00441;00434
00433;00420
00426;00394
00423;00379
00428;00360
00430;00336
00430;00305
00421;00281
00407;00258
00395;00241
00385;00227
00374;00220
00358;00221
00343;00229
00328;00244
00322;00259
00318;00266
00321;00269
00329;00275
00338;00274
00343;00276
00346;00273
00350;00272
00353;00271
00356;00271
00359;00270
00363;00277
00370;00278
00376;00277
00381;00282
00392;00281
00404;00283
00412;00281
00420;00277
00426;00266
00429;00261
00433;00263
00436;00273
00438;00286
00442;00296
00445;00309
00449;00320
00456;00331
00463;00349
00476;00366
00489;00368
00494;00361
00497;00352
00498;00344
00500;00339
00504;00335
00513;00335
00525;00342
00529;00345
00527;00353
00527;00370
00532;00396
00537;00417
00544;00428
00546;00441
00546;00458
00543;00475
00534;00475
00521;00471
00510;00463
00501;00458
00495;00455
00489;00464
00483;00474
00481;00484
00481;00490
00482;00492
00486;00503
00498;00531
00513;00555
00527;00574
00540;00580
00556;00583
00575;00587
00590;00580
00591;00571
00590;00564
00593;00561
00591;00538
00581;00520
00572;00497
00562;00478
00547;00452
00526;00438
00507;00432
00500;00427
00492;00426
00481;00415
00474;00410
00474;00406
00476;00410
00476;00422
00482;00447
00493;00463
00502;00476
00509;00490
00515;00500
00522;00518
00531;00536
00541;00539
00538;00537
00534;00525
00531;00498
00524;00468
00518;00442
00517;00419
00516;00397
00508;00380
00498;00360
00483;00347
00475;00329
00460;00316
00443;00309
00426;00311
00410;00317
00393;00319
00376;00320
00363;00312
00353;00302
00343;00302
00339;00312
00347;00326
00356;00338
00363;00343
00375;00341
00381;00339
00384;00343
00389;00352
00395;00366
00402;00383
00408;00395
00415;00402
00422;00404
00428;00412
00431;00427
00437;00446
00449;00463
00463;00487
00480;00496
00492;00495
00495;00497
00494;00503
00491;00514
00489;00519
00485;00515
00476;00507
00464;00494
00452;00466
00436;00448
00423;00437
00419;00425
00418;00414
00416;00415
00417;00414
00417;00420
00423;00427
00432;00438
00443;00458
00450;00466
00448;00472
00441;00476
00431;00474
00424;00454
00416;00437
00416;00412
00416;00389
00413;00369
00406;00353
00401;00349
00406;00354
00417;00365
00424;00382
00430;00410
00437;00441
00439;00481
00443;00510
00446;00535
00451;00546
00453;00543
00450;00523
00443;00495
00441;00458
00439;00434
00436;00414
00433;00392
00429;00372
00426;00352
00426;00331
00425;00333
00428;00347
00431;00359
00436;00376
00440;00369
00443;00362
00447;00343
00449;00326
00450;00309
00446;00307
00443;00297
00442;00291
00444;00293
00446;00294
00446;00305
00448;00316
00448;00339
00453;00359
00455;00383
00457;00402
00460;00419
00465;00427
00472;00437
00482;00444
00491;00439
00489;00429
00487;00423
00484;00423
00482;00423
00484;00423
00492;00435
00504;00446
00506;00439
00495;00435
00487;00424
00490;00411
00494;00388
00490;00371
00489;00353
00491;00342
00489;00325
00484;00315
00489;00319
00499;00321
00501;00323
00491;00326
00478;00332
00469;00328
00459;00323
00445;00315
00430;00300
00413;00278
00390;00256
00369;00239
00357;00249
00356;00257
00357;00264
00361;00276
00374;00275
00387;00272
00397;00276
00406;00287
00415;00297
00425;00308
00437;00308
00451;00308
00466;00300
00475;00300
00472;00313
00468;00328
00469;00344
00472;00354
00477;00367
00477;00373
00471;00374
00461;00373
00449;00377
00442;00375
00436;00379
00431;00376
00427;00365
00426;00349
00426;00323
00429;00303
00434;00303
00440;00304
00444;00306
00445;00300
00443;00288
00442;00276
00438;00276
00431;00280
00421;00289
00413;00296
00409;00288
00406;00279
00406;00276
00411;00283
00418;00295
00425;00315
00431;00330
00439;00352
00452;00378
00466;00408
00482;00435
00493;00445
00494;00453
00493;00461
00494;00467
00496;00476
00501;00480
00505;00468
00504;00446
00500;00411
00494;00380
00487;00373
00489;00368
00492;00359
00494;00353
00494;00337
00491;00326
00487;00331
00484;00340
00485;00352
00485;00358
00483;00355
00480;00347
00479;00346
00479;00340
00479;00343
00478;00343
00479;00339
00481;00340
00479;00350
00478;00367
00485;00391
00495;00422
00506;00450
00518;00467
00523;00471
00522;00471
00523;00459
00523;00446
00528;00429
00528;00407
00524;00384
00518;00356
00510;00329
00500;00314
00493;00299
00489;00290
00484;00297
00478;00302
00471;00310
00469;00321
00469;00327
00472;00330
00475;00331
00480;00327
00488;00330
00497;00328
00504;00325
00510;00325
00516;00327
00520;00325
00525;00334
00530;00352
00533;00368
00537;00383
00538;00396
00542;00406
00547;00409
00554;00415
00562;00425
00574;00449
00584;00464
00593;00467
00595;00476
00596;00489
00600;00495
00606;00510
00612;00531
00611;00540
00608;00544
00606;00535
00606;00518
00609;00505
00620;00493
00637;00475
00647;00461
00644;00452
00642;00449
00649;00457
00658;00475
00666;00505
00673;00544
00681;00593
00690;00632
00694;00683
00707;00741
00733;00785
00762;00811
00791;00825
00820;00816
00842;00780
00843;00749
00831;00716
00818;00687
00807;00651
00796;00609
00783;00581
00769;00566
00751;00562
00729;00573
00717;00603
00731;00616
00756;00596
00761;00561
00748;00518
00729;00488
00709;00455
00688;00416
00665;00382
00645;00344
00621;00302
00590;00274
00551;00271
00527;00280
00521;00297
00518;00305
00514;00314
00509;00319
00510;00318
00506;00317
00501;00332
00498;00349
00500;00369
00505;00385
00514;00384
00520;00374
00524;00361
00520;00358
00509;00355
00500;00350
00491;00343
00482;00326
00473;00309
00461;00304
00443;00323
00435;00352
00433;00377
00441;00397
00451;00419
00459;00443
00465;00458
00477;00479
00490;00500
00506;00513
00524;00520
00543;00522
00557;00525
00559;00509
00562;00483
00563;00453
00558;00428
00546;00400
00529;00378
00510;00360
00491;00345
00470;00328
00450;00317
00438;00334
00428;00365
00426;00394
00433;00423
00445;00444
00461;00458
00480;00475
00503;00486
00521;00488
00532;00471
00531;00452
00528;00436
00521;00424
00513;00405
00500;00398
00486;00388
00472;00371
00455;00355
00440;00358
00435;00381
00445;00384
00457;00376
00463;00366
00470;00365
00480;00368
00491;00377
00506;00385
00521;00394
00534;00391
00543;00373
00544;00368
00545;00359
00547;00350
00542;00341
00537;00321
00530;00295
00517;00277
00508;00259
00497;00249
00484;00247
00474;00250
00464;00267
00458;00285
00463;00292
00475;00295
00484;00291
00485;00280
00479;00272
00477;00265
00479;00262
00482;00245
00485;00219
00496;00186
00498;00163
00488;00163
00481;00180
00481;00210
00485;00239
00489;00263
00495;00289
00500;00312
00504;00326
00489;00346
00480;00369
00475;00379
00471;00379
00468;00369
00464;00360
00460;00354
00455;00337
00447;00332
00440;00346
00443;00364
00449;00370
00453;00379
00456;00394
00458;00407
00463;00421
00468;00430
00469;00436
00467;00438
00464;00427
00460;00413
00457;00408
00458;00405
00459;00407
00463;00413
00469;00410
00469;00405
00467;00412
00472;00419
00477;00430
00481;00439
00482;00447
00484;00446
00485;00433
00484;00420
00483;00417
00486;00424
00491;00425
00497;00435
00504;00452
00512;00473
00521;00488
00531;00508
00541;00538
00549;00561
00553;00578
00555;00590
00558;00608
00566;00614
00576;00600
00587;00572
00593;00551
00598;00527
00598;00506
00601;00496
00603;00497
00611;00496
00620;00489
00623;00479
00620;00473
00607;00480
00599;00484
00589;00490
00584;00482
00577;00468
00570;00451
00561;00449
00552;00446
00549;00451
00550;00469
00558;00491
00567;00509
00579;00534
00592;00566
00603;00596
00618;00614
00630;00614
00634;00609
00632;00598
00629;00579
00626;00565
00626;00557
00623;00533
00616;00500
00605;00464
00593;00436
00583;00413
00574;00396
00565;00385
00554;00374
00542;00354
00525;00328
00508;00318
00497;00313
00491;00309
00485;00302
00471;00303
00462;00300
00455;00302
00453;00310
00452;00323
00454;00337
00457;00341
00455;00345
00450;00349
00448;00356
00453;00357
00461;00365
00470;00365
00475;00358
00479;00340
00479;00321
00477;00308
00477;00306
00478;00307
00481;00312
00479;00315
00476;00313
00474;00320
00483;00329
00491;00343
00496;00362
00504;00380
00516;00381
00531;00376
00546;00365
00560;00355
00574;00341
00588;00323
00593;00318
00598;00320
00605;00313
00610;00306
00611;00313
00608;00317
00603;00325
00601;00330
00599;00342
00595;00353
00591;00352
00591;00346
00593;00346
00598;00346
00600;00342
00595;00348
00593;00358
00592;00365
00593;00376
00593;00396
00597;00422
00603;00443
00608;00468
00615;00497
00628;00514
00649;00530
00669;00531
00680;00537
00685;00540
00692;00542
00698;00551
00702;00573
00712;00592
00721;00593
00718;00602
00715;00606
00713;00622
00714;00628
00716;00627
00718;00614
00715;00580
00707;00540
00697;00506
00687;00493
00684;00484
00675;00480
00663;00475
00655;00483
00652;00498
00650;00527
00654;00563
00659;00598
00659;00631
00660;00660
00664;00669
00681;00675
00707;00678
00725;00663
00734;00622
00728;00583
00716;00556
00703;00530
00693;00494
00682;00447
00670;00416
00650;00381
00617;00342
00592;00305
00573;00293
00557;00281
00546;00258
00535;00231
00526;00203
00520;00183
00510;00175
00499;00175
00490;00191
00481;00214
00472;00234
00472;00249
00473;00268
00477;00285
00477;00305
00472;00327
00470;00337
00472;00334
00471;00325
00471;00324
00466;00325
00468;00319
00468;00319
00467;00325
00471;00328
00474;00331
00479;00339
00480;00356
00482;00373
00487;00389
00495;00417
00497;00446
00500;00451
00503;00446
00504;00443
00509;00441
00516;00446
00522;00454
00528;00449
00521;00435
00510;00409
00500;00389
00488;00389
00475;00392
00461;00396
00444;00395
00427;00383
00413;00365
00400;00360
00397;00375
00398;00391
00400;00403
00406;00410
00417;00422
00430;00437
00445;00445
00458;00451
00467;00461
00472;00470
00480;00467
00488;00460
00495;00453
00500;00447
00504;00433
00508;00419
00509;00416
00512;00426
00520;00442
00532;00465
00545;00480
00557;00499
00570;00519
00586;00540
00602;00567
00615;00586
00623;00600
00630;00603
00639;00598
00646;00587
00650;00591
00656;00597
00662;00603
00663;00612
00661;00631
00663;00658
00674;00687
00685;00720
00700;00753
00711;00767
00710;00748
00705;00710
00697;00667
00684;00620
00670;00561
00656;00504
00636;00445
00611;00388
00578;00337
00542;00312
00518;00306
00500;00316
00485;00337
00479;00358
00473;00383
00464;00404
00460;00415
00459;00416
00460;00409
00468;00391
00475;00382
00479;00372
00484;00363
00488;00356
00488;00347
00489;00340
00486;00343
00485;00354
00491;00368
00500;00384
00512;00383
00521;00383
00527;00383
00536;00381
00552;00372
00568;00370
00582;00371
00592;00381
00597;00392
00594;00402
00587;00420
00585;00433
00587;00434
00587;00439
00581;00455
00576;00466
00577;00480
00581;00478
00584;00472
00588;00471
00595;00480
00604;00499
00612;00530
00619;00560
00629;00590
00636;00620
00642;00649
00648;00685
00654;00719
00662;00750
00671;00777
00679;00796
00681;00798
00677;00780
00675;00752
00672;00718
00662;00674
00657;00625
00654;00578
00637;00530
00617;00480
00597;00429
00577;00392
00565;00376
00551;00367
00535;00364
00527;00369
00517;00374
00502;00378
00499;00388
00501;00400
00504;00411
00510;00418
00507;00427
00502;00440
00500;00449
00496;00463
00495;00481
00495;00500
00493;00513
00491;00521
00486;00536
00483;00551
00489;00567
00501;00566
00516;00564
00534;00554
00548;00542
00557;00540
00565;00542
00574;00543
00585;00539
00597;00521
00608;00494
00609;00481
00607;00474
00600;00471
00595;00461
00595;00439
00603;00414
00610;00385
00604;00365
00593;00368
00580;00382
00580;00400
00581;00413
00581;00421
00581;00429
00580;00448
00574;00473
00568;00504
00573;00536
00582;00569
00591;00608
00596;00624
00601;00632
00606;00642
00614;00663
00626;00691
00639;00717
00648;00728
00657;00711
00656;00688
00648;00650
00643;00629
00636;00616
00628;00605
00618;00586
00607;00550
00596;00509
00583;00484
00566;00483
00563;00487
00567;00496
00570;00504
00569;00510
00567;00512
00566;00521
00562;00535
00557;00554
00554;00573
00552;00587
00549;00593
00546;00596
00543;00590
00547;00584
00555;00577
00565;00575
00574;00583
00579;00587
00582;00588
00586;00589
00584;00598
00583;00601
00587;00609
00593;00612
00594;00620
00589;00615
00584;00596
00578;00575
00575;00561
00577;00550
00583;00520
00582;00492
00573;00472
00562;00460
00553;00448
00549;00441
00550;00445
00557;00452
00568;00458
00574;00455
00574;00453
00575;00447
00581;00431
00582;00415
00582;00398
00583;00382
00578;00370
00569;00355
00555;00334
00543;00325
00535;00328
00532;00334
00527;00347
00523;00363
00521;00381
00519;00392
00520;00387
00517;00375
00516;00370
00519;00356
00518;00345
00515;00340
00516;00337
00520;00328
00526;00320
00532;00312
00536;00310
00537;00318
00534;00322
00526;00332
00519;00338
00517;00347
00517;00349
00519;00348
00517;00338
00511;00331
00503;00336
00501;00345
00505;00356
00512;00360
00522;00358
00525;00348
00524;00345
00519;00346
00515;00356
00514;00363
00512;00364
00510;00357
00505;00349
00501;00347
00495;00355
00493;00368
00489;00383
00485;00386
00478;00392
00475;00396
00482;00403
00492;00408
00502;00405
00509;00401
00511;00392
00513;00386
00512;00374
00521;00360
00528;00344
00530;00335
00524;00324
00518;00319
00508;00317
00500;00316
00499;00316
00505;00313
00515;00307
00522;00317
00531;00323
00542;00325
00555;00322
00566;00311
00581;00302
00591;00291
00594;00290
00589;00289
00580;00292
00564;00287
00552;00288
00544;00290
00536;00292
00524;00298
00511;00303
00506;00303
00502;00292
00505;00281
00508;00274
00511;00269
00513;00259
00514;00255
00511;00257
00510;00260
00508;00265
00506;00280
00504;00300
00497;00316
00491;00333
00488;00355
00487;00381
00485;00401
00489;00411
00496;00415
00502;00420
00509;00418
00518;00419
00525;00415
00532;00422
00538;00423
00544;00423
00551;00419
00552;00423
00554;00430
00558;00439
00561;00449
00565;00453
00569;00460
00574;00452
00581;00445
00598;00424
00616;00404
00622;00388
00620;00381
00627;00371
00631;00356
00635;00335
00649;00313
00656;00292
00648;00276
00629;00269
00606;00266
00598;00251
00593;00223
00579;00200
00562;00186
00543;00181
00519;00176
00501;00186
00493;00192
00488;00208
00478;00219
00474;00237
00475;00258
00477;00279
00478;00295
00477;00306
00469;00323
00461;00331
00457;00331
00455;00324
00454;00325
00450;00332
00447;00337
00445;00336
00449;00342
00457;00347
00469;00355
00478;00368
00484;00385
00492;00403
00502;00416
00508;00426
00513;00432
00521;00436
00532;00434
00544;00440
00559;00426
00576;00414
00589;00400
00602;00391
00609;00386
00617;00381
00627;00380
00627;00383
00622;00386
00622;00387
00610;00408
00599;00420
00594;00423
00585;00416
00587;00395
00592;00376
00597;00370
00601;00366
00604;00355
00608;00348
00620;00340
00630;00333
00637;00339
00643;00340
00639;00352
00631;00362
00620;00357
00620;00339
00624;00326
00618;00320
00608;00309
00597;00297
00582;00282
00575;00285
00575;00286
00575;00297
00568;00318
00559;00357
00546;00397
00537;00426
00532;00450
00538;00464
00545;00475
00542;00476
00537;00480
00530;00477
00533;00464
00532;00451
00534;00437
00530;00423
00529;00405
00528;00399
00528;00393
00531;00385
00539;00372
00547;00354
00553;00336
00564;00319
00575;00307
00589;00301
00602;00301
00609;00312
00621;00325
00627;00342
00623;00358
00623;00389
00628;00425
00628;00461
00624;00489
00619;00514
00610;00543
00600;00552
00589;00558
00587;00565
00584;00579
00582;00587
00569;00591
00559;00593
00553;00593
00547;00591
00543;00586
00540;00588
00538;00599
00536;00607
00536;00615
00536;00612
00541;00606
00550;00593
00563;00572
00576;00543
00591;00513
00603;00486
00611;00450
00626;00422
00646;00387
00649;00360
00652;00338
00657;00316
00649;00303
00647;00290
00647;00282
00647;00273
00646;00261
00635;00248
00620;00236
00625;00230
00637;00224
00639;00225
00641;00239
00638;00266
00627;00290
00622;00299
00624;00311
00626;00317
00628;00328
00622;00330
00606;00326
00594;00314
00581;00297
00568;00278
00562;00257
00557;00250
00547;00244
00543;00245
00531;00240
00526;00242
00521;00250
00525;00252
00534;00248
00547;00242
00550;00240
00550;00240
00547;00233
00540;00226
00535;00221
00523;00216
00513;00215
00497;00226
00480;00239
00464;00246
00469;00245
00473;00244
00477;00256
00487;00264
00503;00279
00516;00290
00530;00287
00545;00280
00559;00270
00569;00276
00568;00281
00571;00288
00570;00290
00567;00301
00560;00301
00560;00291
00555;00290
00546;00290
00540;00287
00536;00274
00530;00268
00516;00266
00511;00256
00517;00242
00523;00233
00531;00233
00544;00246
00559;00264
00574;00283
00588;00301
00601;00317
00615;00335
00631;00365
00637;00386
00643;00406
00650;00421
00656;00407
00667;00381
00675;00362
00681;00347
00689;00337
00701;00315
00705;00284
00709;00265
00714;00242
00706;00215
00693;00218
00678;00229
00667;00224
00663;00217
00659;00213
00648;00214
00649;00218
00645;00228
00638;00238
00632;00259
00630;00272
00631;00284
00629;00297
00623;00307
00614;00318
00615;00328
00605;00334
00601;00322
00611;00312
00620;00302
00630;00281
00635;00258
00642;00248
00651;00247
00660;00243
00661;00237
00666;00234
00671;00244
00657;00246
00657;00239
00652;00240
00640;00246
00635;00246
00637;00238
00628;00238
00621;00252
00618;00261
00610;00262
00606;00269
00595;00287
00591;00304
00596;00321
00589;00337
00576;00350
00578;00353
00576;00348
00569;00348
00563;00349
00567;00348
00577;00346
00586;00344
00595;00330
00593;00323
00587;00326
00584;00331
00585;00322
00582;00321
00582;00323
00576;00328
00561;00321
00539;00320
00515;00330
00501;00336
00489;00335
00470;00327
00454;00325
00443;00310
00442;00295
00431;00281
00427;00275
00429;00266
00431;00265
00429;00264
00427;00265
00428;00266
00427;00269
00424;00281
00412;00291
00406;00304
00403;00315
00398;00318
00399;00314
00404;00315
00412;00319
00420;00330
00433;00337
00449;00338
00459;00335
00466;00346
00470;00343
00476;00353
00478;00364
00474;00362
00469;00364
00464;00352
00454;00343
00442;00332
00440;00324
00448;00299
00453;00301
00456;00299
00459;00310
00462;00319
00466;00314
00475;00320
00483;00326
00491;00338
00499;00344
00496;00353
00495;00351
00495;00335
00497;00305
00503;00289
00510;00274
00502;00264
00499;00252
00493;00244
00481;00247
00472;00249
00465;00249
00459;00268
00449;00290
00439;00299
00430;00310
00429;00320
00424;00331
00420;00331
00417;00328
00415;00323
00413;00325
00411;00317
00411;00309
00412;00310
00412;00311
00410;00307
00412;00306
00418;00306
00427;00310
00433;00316
00438;00324
00440;00320
00441;00318
00443;00321
00442;00328
00440;00335
00440;00334
00434;00338
00427;00338
00421;00335
00416;00323
00413;00324
00412;00318
00413;00306
00417;00289
00423;00277
00429;00273
00435;00263
00441;00254
00451;00244
00461;00239
00468;00237
00475;00242
00482;00245
00492;00246
00504;00248
00509;00255
00515;00272
00522;00291
00525;00311
00530;00330
00537;00335
00546;00336
00554;00337
00559;00343
00566;00352
00577;00349
00586;00347
00595;00340
00596;00326
00601;00309
00601;00306
00592;00300
00580;00295
00567;00286
00552;00276
00540;00268
00531;00253
00525;00242
00529;00236
00526;00232
00529;00228
00539;00231
00551;00233
00563;00231
00571;00233
00570;00251
00577;00270
00580;00275
00586;00274
00593;00274
00588;00265
00585;00252
00579;00243
00582;00241
00584;00238
00593;00224
00594;00214
00592;00217
00591;00230
00591;00238
00602;00252
00612;00266
00630;00278
00636;00288
00635;00300
00634;00305
00639;00298
00636;00288
00626;00268
00616;00254
00606;00242
00598;00233
00586;00224
00577;00222
00582;00210
00581;00203
00571;00210
00572;00226
00574;00248
00573;00280
00578;00296
00587;00308
00594;00316
00602;00324
00606;00329
00611;00335
00622;00336
00631;00328
00642;00316
00658;00291
00661;00279
00664;00263
00672;00256
00677;00241
00673;00244
00672;00239
00667;00231
00658;00230
00649;00231
00651;00236
00664;00245
00670;00266
00667;00282
00669;00301
00674;00309
00674;00322
00675;00332
00684;00339
00697;00345
00701;00357
00694;00354
00691;00344
00688;00331
00677;00323
00677;00314
00685;00303
00687;00303
00680;00309
00670;00305
00660;00293
00660;00295
00656;00297
00660;00305
00665;00305
00662;00298
00663;00300
00666;00302
00672;00299
00675;00304
00674;00312
00670;00323
00669;00338
00660;00343
00659;00343
00663;00346
00657;00343
00650;00344
00641;00344
00628;00346
00614;00350
00599;00333
00583;00318
00568;00309
00553;00311
00534;00308
00529;00300
00532;00288
00544;00280
00552;00276
00558;00271
00560;00277
00563;00272
00565;00269
00561;00265
00555;00268
00541;00278
00521;00281
00498;00279
00483;00270
00472;00259
00466;00255
00457;00263
00451;00272
00453;00272
00455;00267
00456;00262
00457;00262
00458;00261
00459;00266
00462;00276
00465;00270
00467;00267
00470;00264
00469;00271
00471;00278
00478;00285
00482;00289
00486;00296
00486;00300
00484;00307
00480;00321
00479;00327
00476;00328
00475;00322
00469;00317
00463;00312
00461;00305
00461;00296
00464;00295
00470;00286
00482;00285
00490;00285
00499;00285
00506;00291
00513;00301
00518;00313
00521;00320
00524;00326
00531;00324
00541;00322
00547;00310
00557;00300
00565;00294
00573;00293
00583;00283
00595;00268
00602;00257
00605;00251
00609;00243
00619;00236
00621;00236
00614;00230
00612;00222
00612;00207
00614;00207
00611;00211
00616;00211
00623;00202
00629;00197
00622;00189
00615;00185
00621;00184
00629;00186
00631;00189
00633;00192
00640;00192
00652;00189
00670;00194
00681;00205
00687;00219
00699;00216
00705;00213
00708;00209
00710;00202
00717;00185
00721;00173
00715;00175
00704;00178
00697;00176
00696;00174
00700;00178
00719;00183
00754;00183
00789;00185
00811;00192
00826;00198
00846;00195
00853;00191
00864;00187
00880;00184
00886;00186
00876;00187
00839;00190
00806;00192
00778;00194
00759;00195
00740;00203
00730;00208
00712;00220
00693;00228
00680;00224
00670;00220
00671;00213
00672;00209
00680;00199
00696;00183
00712;00165
00722;00152
00727;00147
00734;00157
00743;00178
00760;00192
00773;00198
00766;00201
00751;00213
00721;00234
00687;00258
00665;00274
00657;00272
00635;00257
00602;00247
00557;00251
00524;00266
00507;00281
00492;00292
00482;00296
00474;00299
00463;00309
00447;00321
00441;00334
00445;00335
00453;00338
00456;00340
00460;00344
00462;00341
00465;00329
00466;00313
00469;00295
00477;00275
00488;00254
00488;00244
00486;00232
00480;00218
00471;00205
00465;00202
00459;00210
00453;00213
00444;00208
00430;00209
00416;00216
00406;00220
00396;00223
00388;00232
00383;00234
00380;00236
00377;00234
00374;00239
00371;00253
00371;00264
00366;00270
00363;00267
00360;00261
00360;00252
00361;00249
00361;00240
00361;00238
00362;00238
00362;00239
00362;00238
00364;00246
00370;00257
00377;00271
00378;00287
00377;00308
00377;00333
00380;00344
00387;00345
00394;00340
00400;00333
00402;00325
00400;00325
00399;00326
00401;00319
00404;00305
00405;00290
00400;00286
00394;00292
00389;00297
00387;00303
00389;00297
00390;00278
00389;00252
00388;00236
00385;00221
00386;00204
00389;00190
00392;00179
00401;00174
00402;00171
00400;00178
00402;00188
00405;00204
00406;00218
00409;00232
00409;00244
00408;00255
00406;00260
00400;00257
00401;00255
00409;00250
00418;00253
00430;00257
00448;00262
00464;00260
00478;00263
00491;00267
00502;00277
00511;00293
00520;00311
00524;00326
00527;00331
00529;00327
00527;00321
00526;00318
00523;00317
00522;00317
00524;00313
00526;00306
00524;00293
00521;00283
00517;00282
00515;00288
00518;00289
00525;00288
00533;00277
00535;00270
00535;00258
00535;00246
00538;00237
00543;00227
00547;00220
00545;00219
00538;00225
00529;00232
00525;00250
00532;00261
00538;00278
00547;00295
00563;00313
00571;00336
00573;00356
00580;00366
00589;00370
00598;00371
00604;00365
00612;00361
00622;00356
00627;00355
00629;00351
00641;00347
00648;00338
00655;00330
00660;00318
00665;00312
00665;00306
00667;00301
00666;00291
00668;00281
00659;00275
00649;00263
00651;00254
00652;00252
00654;00254
00650;00254
00647;00255
00638;00251
00633;00248
00627;00245
00628;00247
00627;00247
00621;00244
00611;00232
00601;00223
00596;00211
00597;00201
00599;00200
00600;00207
00600;00208
00597;00207
00597;00215
00601;00221
00609;00231
00616;00238
00618;00250
00618;00268
00615;00286
00610;00291
00606;00298
00604;00300
00603;00298
00602;00306
00603;00313
00603;00329
00598;00347
00595;00358
00592;00366
00589;00383
00589;00398
00591;00419
00591;00438
00590;00447
00588;00455
00589;00460
00596;00460
00603;00454
00612;00437
00616;00427
00617;00425
00617;00419
00616;00416
00616;00415
00618;00414
00617;00402
00615;00398
00614;00402
00612;00425
00614;00439
00620;00440
00623;00438
00626;00438
00631;00439
00640;00443
00653;00452
00664;00449
00667;00442
00671;00425
00679;00406
00687;00396
00687;00388
00682;00370
00682;00348
00684;00323
00683;00308
00681;00302
00686;00301
00689;00308
00691;00318
00687;00329
00689;00344
00691;00366
00685;00391
00672;00406
00655;00415
00637;00428
00620;00435
00605;00441
00593;00439
00590;00426
00592;00407
00597;00387
00594;00373
00587;00373
00582;00373
00581;00372
00580;00373
00577;00372
00573;00378
00563;00395
00555;00412
00549;00425
00550;00427
00554;00424
00560;00422
00569;00418
00578;00416
00585;00403
00587;00390
00589;00374
00584;00355
00575;00341
00568;00328
00567;00317
00564;00305
00557;00291
00550;00269
00544;00262
00539;00254
00533;00247
00530;00245
00532;00246
00534;00251
00532;00260
00531;00270
00533;00289
00538;00307
00546;00316
00560;00326
00568;00335
00574;00347
00575;00357
00575;00367
00574;00374
00575;00385
00574;00394
00573;00417
00574;00438
00570;00466
00572;00496
00578;00524
00588;00546
00596;00569
00605;00596
00614;00621
00623;00636
00627;00642
00632;00655
00643;00655
00658;00653
00669;00647
00679;00653
00691;00671
00701;00691
00710;00707
00721;00710
00730;00717
00734;00725
00733;00735
00725;00754
00722;00775
00719;00791
00717;00783
00716;00761
00714;00744
00712;00749
00716;00762
00725;00772
00736;00786
00745;00791
00752;00802
00762;00824
00779;00832
00793;00831
00788;00815
00777;00784
00759;00745
00743;00708
00730;00669
00717;00635
00709;00581
00701;00513
00680;00472
00654;00452
00645;00444
00641;00444
00639;00441
00633;00436
00617;00435
00604;00436
00593;00439
00582;00440
00580;00437
00577;00429
00575;00420
00576;00413
00578;00414
00578;00414
00579;00413
00585;00389
00582;00377
00580;00371
00574;00370
00573;00367
00576;00360
00572;00355
00564;00338
00554;00322
00547;00305
00536;00306
00529;00300
00520;00300
00512;00298
00501;00308
00486;00321
00480;00335
00479;00351
00486;00370
00495;00392
00503;00420
00507;00446
00509;00474
00513;00499
00521;00507
00530;00513
00538;00515
00544;00531
00548;00547
00553;00566
00563;00590
00577;00611
00593;00597
00601;00578
00604;00565
00607;00555
00607;00546
00605;00523
00601;00501
00596;00470
00592;00429
00585;00397
00575;00395
00572;00403
00573;00413
00573;00425
00579;00431
00586;00439
00591;00444
00596;00450
00599;00465
00598;00478
00598;00489
00596;00499
00596;00501
00596;00497
00595;00502
00597;00518
00608;00522
00618;00508
00615;00494
00614;00486
00615;00479
00619;00476
00625;00486
00632;00496
00638;00504
00643;00507
00642;00526
00642;00553
00652;00558
00659;00559
00664;00561
00670;00565
00673;00566
00674;00568
00673;00579
00672;00591
00669;00600
00671;00621
00681;00656
00697;00683
00718;00692
00733;00679
00733;00660
00733;00646
00737;00625
00743;00605
00752;00589
00752;00583
00748;00580
00742;00580
00732;00597
00730;00614
00735;00632
00731;00652
00729;00667
00731;00666
00730;00666
00733;00653
00734;00637
00739;00618
00746;00599
00744;00595
00753;00576
00772;00551
00783;00536
00784;00526
00780;00509
00771;00494
00761;00490
00748;00489
00739;00477
00730;00464
00716;00466
00702;00473
00693;00477
00691;00487
00697;00501
00712;00519
00723;00534
00733;00558
00736;00587
00742;00620
00750;00664
00757;00718
00766;00766
00769;00806
00766;00838
00768;00864
00776;00872
00784;00867
00790;00866
00800;00858
00802;00833
00794;00791
00780;00747
00772;00700
00765;00662
00748;00622
00730;00602
00714;00594
00704;00586
00688;00569
00680;00555
00690;00534
00699;00525
00702;00529
00704;00532
00710;00533
00716;00530
00727;00515
00734;00491
00732;00484
00725;00493
00712;00518
00699;00538
00694;00558
00688;00589
00687;00615
00691;00624
00686;00630
00683;00638
00681;00646
00682;00648
00689;00644
00696;00636
00702;00624
00707;00604
00708;00590
00703;00591
00701;00605
00702;00631
00708;00640
00708;00642
00705;00644
00708;00644
00714;00654
00723;00656
00727;00658
00726;00664
00724;00674
00722;00678
00730;00690
00738;00709
00743;00736
00745;00760
00744;00775
00735;00793
00731;00812
00737;00821
00743;00822
00745;00823
00743;00839
00745;00857
00751;00876
00759;00881
00766;00882
00774;00885
00786;00893
00798;00911
00803;00930
00809;00957
00819;00961
00829;00941
00832;00912
00836;00903
00843;00910
00852;00905
00851;00889
00841;00873
00836;00862
00833;00859
00831;00869
00830;00906
00832;00945
00832;00977
00830;01004
00830;01033
00834;01065
00844;01083
00854;01094
00862;01080
00860;01082
00855;01085
00852;01086
00852;01077
00848;01071
00843;01085
00846;01105
00848;01135
00847;01174
00847;01226
00854;01236
00860;01222
00862;01211
00865;01216
00876;01230
00885;01246
00892;01254
00906;01263
00918;01268
00928;01244
00927;01242
00921;01265
00915;01288
00903;01308
00891;01306
00881;01276
00865;01254
00845;01214
00832;01174
00821;01165
00822;01174
00832;01178
00841;01168
00846;01126
00846;01095
00842;01094
00842;01095
00843;01113
00839;01122
00832;01126
00825;01100
00816;01054
00809;01017
00810;01005
00817;00990
00822;00973
00821;00953
00817;00944
00818;00950
00826;00958
00837;00976
00858;00988
00861;01003
00856;01037
00854;01077
00861;01105
00870;01121
00879;01115
00889;01095
00892;01074
00886;01069
00874;01097
00882;01133
00896;01157
00910;01171
00916;01173
00917;01208
00928;01244
00936;01276
00939;01303
00943;01302
00946;01285
00949;01253
00955;01210
00967;01154
00961;01104
00951;01042
00933;00993
00911;00954
00894;00922
00878;00910
00866;00908
00854;00916
00842;00930
00815;00969
00808;01012
00811;01030
00825;01020
00830;01003
00827;00981
00825;00969
00820;00959
00809;00945
00802;00936
00801;00913
00795;00879
00785;00865
00766;00866
00754;00868
00748;00875
00745;00852
00742;00812
00733;00777
00718;00746
00699;00731
00694;00720
00690;00706
00682;00708
00676;00720
00677;00731
00679;00757
00682;00802
00694;00838
00707;00874
00720;00901
00732;00922
00753;00946
00779;00948
00807;00945
00830;00921
00836;00899
00833;00868
00824;00842
00814;00814
00805;00777
00789;00754
00772;00727
00752;00713
00733;00700
00716;00709
00716;00711
00721;00694
00727;00673
00728;00650
00722;00634
00717;00624
00713;00620
00710;00624
00707;00627
00701;00633
00693;00647
00688;00690
00688;00737
00693;00789
00705;00841
00719;00883
00731;00909
00740;00907
00747;00902
00755;00888
00756;00866
00754;00845
00752;00833
00752;00812
00748;00786
00742;00762
00741;00744
00739;00750
00737;00761
00731;00769
00726;00774
00725;00756
00722;00725
00723;00696
00720;00674
00718;00664
00715;00656
00718;00661
00726;00670
00737;00688
00759;00713
00774;00751
00789;00796
00804;00813
00824;00803
00832;00788
00831;00772
00828;00732
00821;00691
00812;00655
00801;00621
00797;00592
00790;00565
00782;00568
00775;00578
00772;00582
00768;00590
00762;00607
00754;00624
00749;00638
00745;00650
00740;00646
00743;00630
00741;00618
00735;00630
00735;00651
00741;00672
00752;00701
00763;00730
00772;00750
00779;00773
00786;00810
00797;00858
00810;00901
00825;00928
00835;00943
00838;00939
00838;00923
00838;00901
00839;00886
00844;00880
00851;00882
00854;00881
00858;00861
00851;00838
00850;00825
00859;00826
00869;00823
00872;00829
00880;00838
00887;00825
00882;00786
00873;00749
00865;00732
00862;00728
00861;00716
00858;00712
00858;00718
00856;00717
00850;00720
00840;00732
00839;00759
00852;00761
00859;00748
00855;00733
00849;00723
00841;00712
00834;00699
00834;00692
00837;00670
00838;00663
00836;00662
00822;00688
00815;00729
00824;00769
00832;00806
00833;00837
00830;00868
00829;00896
00829;00940
00834;00965
00845;00958
00851;00937
00851;00917
00845;00903
00844;00891
00847;00879
00853;00882
00853;00879
00851;00873
00844;00864
00830;00885
00820;00924
00818;00972
00822;01010
00827;01040
00832;01072
00837;01082
00845;01095
00858;01093
00872;01110
00886;01127
00896;01125
00898;01114
00902;01101
00904;01086
00901;01073
00896;01071
00891;01074
00884;01089
00883;01083
00885;01041
00890;01008
00905;00976
00918;00948
00922;00942
00927;00939
00937;00929
00944;00910
00949;00889
00952;00872
00947;00879
00939;00897
00924;00933
00906;00956
00890;00971
00879;00985
00867;00985
00860;00991
00854;00994
00849;01012
00852;01053
00863;01083
00872;01093
00883;01106
00901;01123
00921;01132
00938;01155
00953;01170
00963;01189
00972;01191
00979;01159
00979;01126
00980;01098
00979;01093
00981;01087
00982;01060
00974;01035
00957;01007
00944;00973
00931;00947
00914;00942
00900;00937
00885;00939
00871;00926
00852;00915
00836;00912
00833;00911
00849;00925
00870;00937
00881;00957
00895;01005
00919;01067
00953;01113
00979;01140
00997;01160
01011;01189
01014;01213
01002;01229
00981;01263
00970;01270
00957;01232
00938;01179
00913;01130
00896;01105
00885;01064
00870;01015
00847;00975
00824;00924
00805;00851
00773;00803
00741;00776
00709;00751
00674;00730
00639;00708
00606;00694
00576;00686
00559;00669
00548;00661
00535;00657
00532;00654
00531;00662
00528;00664
00527;00660
00528;00654
00528;00666
00533;00682
00540;00703
00548;00726
00555;00760
00564;00771
00570;00763
00575;00772
00582;00788
00593;00795
00600;00789
00599;00800
00597;00826
00593;00840
00588;00869
00583;00914
00585;00953
00586;00983
00584;01036
00580;01101
00583;01158
00587;01191
00591;01197
00596;01217
00608;01203
00617;01204
00626;01229
00633;01266
00638;01284
00646;01274
00650;01269
00648;01278
00647;01310
00646;01346
00641;01405
00641;01427
00635;01410
00635;01369
00630;01323
00622;01314
00621;01315
00620;01332
00622;01351
00625;01369
00624;01392
00623;01443
00623;01511
00625;01575
00628;01653
00630;01711
00629;01780
00635;01812
00638;01811
00643;01799
00650;01759
00656;01727
00658;01718
00659;01727
00665;01706
00670;01685
00676;01638
00678;01605
00676;01600
00672;01590
00668;01590
00663;01549
00658;01461
00655;01353
00647;01253
00639;01149
00629;01045
00617;00940
00604;00824
00590;00711
00574;00602
00556;00517
00537;00453
00517;00399
00496;00351
00476;00309
00456;00270
00437;00234
00421;00203
00407;00174
00395;00147
00384;00122
00376;00104
00369;00091
00364;00082
00360;00075
00356;00073
00352;00071
00347;00074
00343;00084
00338;00096
00333;00108
00328;00118
00324;00125
00319;00129
00314;00129
00309;00126
00303;00129
00297;00129
00291;00123
00285;00115
00279;00107
00273;00103
00267;00103
00261;00102
00255;00101
00250;00099
00244;00097
00239;00097
00233;00096
00227;00092
00222;00087
00216;00085
00211;00083
00206;00082
00201;00082
00196;00088
00191;00093
00186;00097
00183;00101
00180;00107
00177;00115
00175;00121
00171;00130
00166;00142
00161;00157
00157;00164
00153;00171
00149;00177
00145;00180
00141;00174
00138;00169
00134;00163
00132;00155
00132;00143
00132;00128
00131;00114
00130;00100
00130;00088
00130;00075
00130;00071
00130;00064
00130;00058
00130;00052
00130;00053
00129;00054
00129;00061
00130;00068
00131;00075
00130;00085
00130;00095
00130;00103
00131;00106
00131;00105
00131;00102
00131;00102
00132;00098
00132;00093
00131;00086
00132;00082
00131;00076
00130;00075
00129;00075
00127;00085
00126;00092
00125;00096
00123;00096
00122;00094
00121;00094
00120;00090
00119;00089
00118;00081
00118;00077
00117;00070
00117;00063
00117;00061
00116;00063
00116;00064
00116;00061
00116;00063
