030
1.29
PD500-0212
001157 001239 001049
1.11 1.40 1.30
CORE ELEA 1 2ND
19.06.2015
16:32:11
010
10000
05014
1
05000
03474
0150
5000
0053
0407
02419
02197
4
1
1
1
1
1
+03,7
089,2
+05,7
006,9
0
0
0
0
0
000
00000
0
0
000
000
00000
0
0
0
000
00000


0
0
0
00000
000
00000
0
000
000
000
00000
00000
000
000
00000
000
000
00000
000
000
00000
0
0
0
00000
00000
000
000
00,0
000
000
000
00000
000
000
0
0
0
00000
000
00000
000
000
0
0
0
00000
00000
00000
00000
00000
00000
0
0
000
00000
000
0
000
00000
000
0
00000
000000




00000-00000: 
00000-00000: 
00000-00000: 
00000-00000: 
00000-00000: 
00000-00000: 
ELEA 01





00000;00000
00000;00000
00000;00000
00000;00000
00000;00000
00000;00001
00000;00004
00000;00006
00000;00006
00000;00006
00000;00008
00000;00008
00000;00010
00000;00010
00000;00010
00000;00008
00000;00006
00000;00005
00000;00005
00000;00008
00000;00015
00000;00026
00000;00036
00000;00047
00000;00076
00000;00096
00000;00105
00001;00118
00003;00126
00004;00143
00005;00169
00005;00169
00007;00163
00008;00157
00009;00133
00011;00119
00011;00119
00011;00131
00012;00170
00013;00183
00014;00161
00015;00162
00014;00181
00014;00188
00013;00196
00015;00202
00019;00214
00022;00221
00024;00192
00027;00173
00031;00180
00039;00182
00046;00175
00052;00183
00058;00187
00063;00200
00070;00210
00077;00204
00084;00206
00089;00218
00094;00224
00097;00227
00102;00221
00109;00213
00112;00206
00115;00199
00117;00187
00116;00188
00116;00192
00115;00185
00114;00184
00112;00195
00111;00214
00110;00227
00110;00243
00110;00246
00111;00250
00110;00239
00110;00225
00111;00212
00111;00195
00110;00178
00109;00161
00108;00149
00108;00137
00107;00133
00105;00127
00105;00136
00105;00152
00107;00168
00108;00179
00109;00183
00110;00184
00111;00191
00111;00200
00113;00216
00118;00229
00123;00242
00125;00260
00127;00283
00133;00312
00141;00327
00143;00349
00145;00368
00148;00390
00151;00409
00152;00429
00154;00426
00156;00407
00153;00388
00150;00378
00146;00392
00149;00407
00155;00413
00155;00417
00154;00421
00155;00425
00157;00439
00157;00462
00160;00485
00163;00492
00165;00485
00163;00474
00160;00469
00162;00455
00164;00439
00163;00422
00159;00417
00157;00411
00154;00406
00151;00396
00146;00396
00142;00393
00137;00378
00129;00361
00117;00347
00107;00337
00101;00324
00099;00326
00101;00334
00106;00365
00116;00413
00130;00485
00150;00555
00177;00608
00204;00651
00232;00685
00257;00717
00280;00733
00299;00747
00313;00743
00323;00706
00329;00647
00332;00603
00331;00592
00333;00592
00335;00597
00336;00606
00339;00614
00341;00615
00342;00620
00344;00643
00346;00675
00347;00712
00350;00743
00351;00748
00350;00753
00351;00739
00350;00728
00351;00717
00356;00715
00362;00721
00370;00729
00379;00731
00389;00728
00398;00738
00407;00742
00413;00759
00418;00784
00426;00805
00432;00815
00432;00798
00430;00765
00425;00738
00421;00717
00419;00713
00420;00715
00424;00717
00427;00718
00427;00725
00428;00740
00436;00772
00447;00816
00458;00868
00467;00925
00476;00962
00485;00984
00494;00980
00505;00959
00513;00935
00518;00923
00524;00927
00533;00931
00541;00913
00549;00880
00557;00847
00563;00830
00567;00845
00573;00864
00581;00879
00578;00883
00571;00858
00565;00823
00561;00795
00558;00777
00556;00777
00554;00773
00549;00767
00540;00774
00534;00784
00542;00793
00553;00820
00567;00850
00579;00864
00586;00873
00583;00862
00576;00859
00572;00831
00571;00802
00566;00776
00562;00750
00556;00729
00550;00719
00547;00707
00546;00693
00551;00687
00566;00682
00588;00693
00600;00702
00601;00710
00600;00715
00600;00700
00601;00669
00597;00649
00595;00639
00594;00637
00587;00640
00572;00649
00570;00649
00570;00641
00566;00635
00564;00629
00557;00631
00548;00628
00537;00629
00526;00624
00517;00611
00508;00587
00494;00570
00494;00561
00497;00549
00495;00551
00502;00550
00505;00559
00507;00561
00511;00559
00518;00563
00526;00577
00538;00584
00552;00591
00565;00599
00576;00591
00576;00577
00578;00562
00584;00548
00585;00542
00584;00539
00580;00539
00574;00537
00556;00535
00537;00534
00518;00541
00506;00557
00497;00567
00485;00582
00478;00588
00472;00590
00464;00584
00456;00580
00455;00580
00462;00585
00471;00597
00482;00609
00496;00612
00511;00600
00514;00589
00510;00584
00506;00586
00505;00606
00502;00629
00498;00643
00492;00642
00485;00617
00472;00601
00458;00599
00458;00607
00464;00612
00470;00619
00469;00616
00468;00598
00467;00584
00464;00574
00458;00593
00455;00611
00453;00631
00450;00647
00446;00666
00449;00664
00456;00647
00464;00637
00476;00629
00490;00623
00494;00625
00498;00635
00501;00629
00500;00624
00500;00626
00497;00638
00495;00664
00494;00690
00490;00700
00489;00701
00492;00681
00492;00664
00492;00658
00495;00653
00500;00639
00506;00634
00513;00630
00517;00621
00516;00627
00508;00645
00509;00669
00514;00682
00516;00696
00517;00695
00515;00687
00509;00668
00498;00638
00492;00612
00493;00585
00497;00559
00505;00544
00516;00532
00524;00525
00524;00526
00524;00526
00527;00528
00537;00541
00544;00557
00550;00570
00556;00579
00553;00572
00545;00559
00536;00543
00533;00532
00531;00530
00529;00535
00522;00551
00515;00570
00509;00587
00508;00593
00513;00613
00516;00629
00517;00645
00515;00660
00515;00663
00516;00654
00517;00622
00516;00589
00515;00559
00508;00547
00497;00541
00487;00547
00486;00550
00492;00548
00496;00549
00497;00562
00500;00585
00504;00609
00511;00629
00518;00630
00522;00614
00531;00594
00538;00576
00541;00560
00543;00545
00547;00535
00550;00527
00558;00507
00558;00488
00547;00482
00538;00493
00526;00512
00516;00528
00508;00545
00499;00557
00493;00568
00485;00567
00473;00575
00468;00583
00471;00590
00478;00595
00488;00606
00507;00610
00530;00604
00540;00603
00546;00598
00551;00598
00554;00606
00557;00613
00560;00617
00560;00602
00558;00577
00546;00557
00529;00547
00527;00542
00532;00533
00535;00534
00533;00530
00528;00529
00520;00535
00517;00553
00518;00563
00517;00578
00515;00588
00510;00589
00503;00593
00501;00581
00504;00564
00510;00549
00518;00529
00522;00519
00529;00514
00543;00506
00555;00498
00564;00489
00570;00483
00572;00495
00573;00519
00575;00537
00574;00553
00575;00550
00567;00543
00553;00533
00543;00521
00537;00523
00533;00519
00528;00517
00524;00510
00521;00509
00520;00514
00524;00519
00532;00522
00536;00536
00539;00559
00539;00571
00540;00584
00546;00579
00557;00564
00566;00549
00574;00539
00576;00547
00573;00567
00577;00577
00583;00585
00590;00589
00597;00594
00602;00607
00601;00629
00598;00655
00593;00685
00590;00695
00592;00688
00598;00675
00603;00658
00607;00660
00613;00663
00616;00681
00621;00697
00629;00712
00638;00712
00655;00709
00670;00702
00672;00704
00672;00706
00676;00699
00674;00692
00671;00663
00667;00631
00660;00590
00652;00557
00637;00543
00618;00542
00608;00539
00597;00541
00582;00542
00574;00540
00576;00542
00578;00545
00577;00549
00573;00554
00567;00545
00559;00532
00554;00524
00555;00509
00561;00495
00558;00493
00548;00501
00538;00503
00534;00509
00534;00510
00537;00514
00541;00525
00545;00533
00554;00536
00553;00538
00554;00536
00555;00530
00555;00526
00556;00517
00559;00512
00564;00517
00569;00526
00581;00535
00601;00549
00613;00561
00624;00570
00636;00580
00649;00603
00662;00626
00672;00645
00681;00659
00694;00655
00701;00654
00695;00653
00709;00652
00727;00654
00741;00649
00753;00628
00752;00618
00746;00615
00739;00605
00728;00605
00711;00604
00693;00602
00665;00608
00641;00601
00624;00597
00607;00581
00601;00555
00601;00524
00601;00506
00599;00499
00595;00494
00590;00490
00585;00487
00580;00495
00576;00503
00575;00531
00576;00559
00573;00582
00568;00603
00566;00605
00568;00605
00572;00606
00584;00609
00599;00606
00615;00602
00631;00591
00649;00588
00674;00586
00695;00580
00711;00582
00723;00593
00738;00602
00746;00599
00745;00602
00735;00601
00721;00594
00714;00584
00706;00574
00693;00572
00687;00576
00686;00572
00679;00575
00667;00577
00660;00576
00657;00583
00656;00609
00649;00637
00645;00664
00656;00683
00672;00685
00685;00686
00700;00685
00725;00691
00747;00694
00755;00705
00759;00715
00761;00722
00755;00726
00741;00740
00725;00769
00710;00807
00696;00841
00679;00872
00669;00895
00670;00903
00675;00892
00682;00875
00686;00856
00689;00829
00688;00820
00696;00797
00709;00766
00712;00735
00713;00709
00713;00694
00711;00695
00706;00709
00707;00725
00722;00743
00736;00730
00738;00722
00734;00723
00738;00727
00743;00747
00752;00770
00762;00789
00775;00809
00790;00834
00791;00856
00791;00888
00792;00924
00794;00955
00795;00987
00795;00995
00797;00994
00801;00984
00801;00967
00799;00948
00805;00946
00819;00969
00836;00986
00852;00997
00866;00999
00879;01017
00891;01033
00900;01057
00921;01074
00950;01078
00961;01059
00963;01002
00957;00937
00947;00872
00935;00823
00922;00776
00908;00738
00893;00699
00873;00673
00841;00657
00821;00640
00804;00632
00783;00639
00765;00644
00750;00638
00732;00630
00719;00622
00711;00611
00706;00585
00696;00567
00689;00558
00704;00552
00735;00538
00753;00533
00759;00537
00764;00542
00765;00549
00763;00566
00756;00594
00754;00624
00750;00646
00728;00662
00701;00677
00694;00691
00702;00698
00711;00718
00721;00740
00730;00758
00738;00782
00744;00799
00752;00823
00760;00857
00766;00891
00766;00905
00759;00932
00756;00937
00753;00931
00750;00917
00750;00890
00751;00860
00751;00831
00749;00812
00746;00813
00749;00836
00759;00846
00771;00854
00781;00853
00788;00865
00792;00881
00794;00911
00796;00934
00800;00937
00805;00922
00812;00897
00824;00872
00834;00862
00840;00876
00853;00899
00868;00930
00886;00957
00905;00987
00920;01018
00934;01075
00945;01152
00952;01246
00962;01334
00978;01404
00991;01430
01002;01426
01009;01408
01015;01386
01024;01399
01036;01406
01050;01403
01065;01388
01078;01367
01090;01351
01101;01365
01109;01388
01115;01415
01120;01449
01123;01435
01125;01404
01127;01364
01129;01315
01131;01279
01131;01270
01131;01271
01137;01293
01147;01326
01159;01374
01173;01432
01182;01507
01188;01595
01197;01697
01208;01780
01219;01831
01227;01872
01237;01862
01248;01827
01253;01779
01257;01758
01266;01754
01277;01735
01286;01706
01287;01676
01288;01656
01291;01645
01292;01676
01297;01727
01307;01773
01315;01781
01325;01748
01346;01723
01374;01704
01411;01715
01453;01749
01500;01783
01557;01813
01613;01854
01675;01925
01737;02007
01791;02107
01826;02205
01855;02310
01886;02380
01915;02407
01943;02419
01965;02380
01985;02330
02008;02259
02029;02194
02038;02153
02051;02123
02059;02079
02070;02041
02084;02027
02084;02008
02071;02039
02053;02062
02026;02075
02011;02066
02012;02005
02022;01935
02047;01860
02060;01801
02058;01749
02055;01704
02053;01672
02055;01647
02066;01632
02124;01594
02197;01487
02192;01359
02129;01238
02050;01108
01971;00972
01883;00838
01795;00686
01709;00531
01614;00371
01496;00267
01297;00263
01127;00281
01026;00292
00958;00300
00902;00303
00859;00308
00831;00322
00815;00335
00790;00350
00776;00360
00767;00355
00768;00341
00774;00329
00780;00328
00791;00329
00805;00329
00812;00338
00808;00345
00809;00343
00802;00337
00793;00342
00778;00354
00760;00365
00739;00367
00711;00370
00679;00373
00651;00366
00623;00363
00596;00364
00581;00369
00573;00381
00576;00384
00581;00390
00582;00401
00588;00399
00601;00392
00629;00386
00660;00377
00698;00371
00741;00361
00758;00342
00763;00329
00759;00320
00763;00308
00770;00315
00768;00327
00757;00353
00750;00378
00735;00397
00711;00408
00705;00422
00696;00439
00692;00449
00682;00458
00670;00459
00658;00456
00643;00443
00623;00429
00608;00418
00595;00424
00584;00429
00579;00436
00580;00449
00581;00458
00581;00507
00582;00534
00583;00548
00586;00563
00590;00579
00603;00581
00617;00568
00629;00545
00629;00521
00627;00505
00633;00456
00636;00436
00641;00432
00642;00435
00638;00442
00631;00450
00625;00474
00620;00511
00624;00532
00627;00547
00625;00553
00623;00562
00624;00564
00622;00551
00618;00531
00619;00515
00618;00496
00616;00476
00613;00475
00620;00467
00627;00457
00636;00439
00636;00432
00636;00433
00638;00446
00629;00458
00621;00456
00619;00446
00619;00434
00614;00432
00607;00439
00609;00444
00627;00435
00650;00429
00675;00421
00700;00407
00726;00407
00748;00410
00767;00408
00779;00406
00791;00405
00792;00414
00785;00425
00774;00419
00765;00405
00755;00402
00743;00396
00738;00400
00733;00411
00727;00422
00720;00422
00714;00414
00705;00412
00697;00421
00687;00439
00683;00453
00682;00458
00678;00448
00671;00434
00673;00417
00678;00417
00683;00422
00688;00433
00689;00450
00692;00458
00695;00464
00693;00475
00689;00494
00689;00509
00695;00520
00703;00518
00719;00518
00732;00502
00746;00478
00755;00456
00765;00434
00780;00416
00792;00404
00806;00394
00801;00387
00790;00378
00773;00364
00754;00366
00740;00372
00732;00380
00721;00391
00713;00397
00715;00386
00703;00382
00697;00385
00694;00400
00694;00405
00701;00406
00702;00409
00696;00419
00687;00431
00672;00447
00653;00473
00650;00486
00659;00490
00662;00491
00658;00497
00649;00501
00644;00497
00643;00483
00643;00463
00644;00451
00643;00454
00637;00460
00626;00475
00623;00476
00626;00479
00633;00483
00639;00485
00647;00490
00664;00496
00682;00489
00696;00462
00702;00444
00708;00421
00712;00414
00713;00403
00720;00393
00725;00397
00727;00404
00721;00415
00709;00437
00701;00465
00705;00483
00707;00498
00705;00503
00706;00504
00701;00506
00693;00504
00688;00503
00683;00502
00684;00499
00684;00504
00686;00501
00688;00493
00687;00485
00686;00481
00679;00476
00676;00468
00672;00457
00667;00444
00661;00432
00656;00407
00645;00396
00637;00388
00637;00387
00636;00392
00637;00397
00641;00408
00648;00425
00649;00434
00647;00444
00645;00465
00650;00472
00657;00482
00655;00488
00657;00486
00665;00480
00673;00465
00673;00449
00686;00435
00705;00419
00716;00410
00717;00412
00715;00415
00715;00415
00718;00421
00713;00433
00708;00446
00708;00454
00699;00468
00685;00481
00677;00475
00676;00462
00678;00452
00677;00449
00677;00451
00677;00455
00677;00468
00675;00478
00676;00487
00682;00499
00691;00519
00700;00546
00707;00568
00717;00590
00725;00610
00738;00621
00754;00612
00768;00602
00782;00588
00792;00581
00797;00589
00803;00598
00808;00606
00812;00604
00818;00602
00826;00606
00840;00613
00849;00619
00851;00635
00848;00645
00848;00626
00852;00599
00846;00574
00839;00555
00828;00533
00808;00524
00780;00532
00759;00542
00752;00542
00760;00530
00769;00525
00766;00522
00782;00515
00809;00497
00838;00488
00859;00468
00882;00444
00892;00422
00899;00398
00896;00378
00892;00372
00897;00369
00889;00373
00868;00384
00851;00388
00840;00396
00823;00396
00823;00390
00831;00392
00833;00396
00838;00389
00841;00376
00838;00364
00844;00353
00850;00349
00859;00344
00864;00353
00858;00371
00845;00378
00828;00388
00805;00399
00783;00417
00772;00429
00750;00446
00721;00453
00693;00468
00673;00480
00660;00472
00648;00472
00642;00468
00644;00470
00644;00484
00639;00505
00641;00519
00640;00535
00641;00546
00643;00544
00642;00556
00640;00569
00639;00579
00638;00578
00641;00555
00643;00529
00643;00512
00649;00500
00660;00492
00672;00490
00684;00496
00696;00500
00711;00509
00725;00528
00741;00558
00761;00592
00779;00620
00792;00633
00802;00638
00816;00630
00831;00600
00840;00574
00853;00544
00858;00519
00860;00496
00856;00475
00849;00454
00839;00438
00834;00426
00819;00430
00811;00447
00805;00465
00786;00485
00776;00482
00772;00472
00767;00458
00776;00448
00788;00445
00789;00443
00798;00432
00795;00432
00785;00422
00779;00416
00764;00424
00744;00441
00729;00457
00712;00470
00698;00478
00689;00476
00674;00472
00668;00456
00667;00449
00675;00437
00679;00427
00682;00421
00693;00419
00696;00424
00687;00431
00682;00441
00678;00460
00669;00481
00664;00499
00655;00522
00650;00537
00646;00536
00632;00533
00622;00528
00615;00523
00601;00527
00587;00527
00578;00526
00569;00513
00560;00508
00551;00507
00538;00518
00529;00522
00526;00524
00524;00530
00523;00521
00523;00510
00523;00493
00526;00490
00530;00475
00534;00478
00544;00490
00553;00496
00556;00495
00562;00494
00573;00499
00584;00501
00597;00506
00611;00515
00626;00523
00641;00509
00649;00482
00657;00465
00662;00450
00664;00439
00666;00431
00665;00437
00660;00445
00650;00451
00636;00470
00619;00496
00608;00530
00599;00558
00597;00592
00596;00614
00595;00631
00597;00639
00600;00641
00605;00643
00612;00633
00621;00632
00629;00634
00637;00633
00642;00625
00652;00614
00659;00614
00668;00613
00687;00618
00698;00628
00715;00627
00728;00611
00737;00578
00756;00553
00772;00530
00783;00521
00790;00512
00796;00510
00790;00515
00791;00515
00786;00536
00785;00557
00785;00577
00775;00595
00767;00611
00759;00613
00762;00610
00763;00604
00761;00593
00757;00586
00755;00568
00757;00568
00759;00571
00759;00570
00758;00570
00757;00574
00752;00582
00747;00592
00741;00602
00732;00603
00724;00615
00718;00604
00714;00585
00710;00578
00699;00572
00687;00581
00677;00590
00668;00593
00658;00603
00653;00611
00644;00614
00631;00619
00621;00637
00623;00656
00634;00692
00646;00710
00655;00721
00668;00725
00688;00723
00707;00716
00729;00690
00747;00679
00762;00676
00771;00670
00776;00650
00784;00632
00789;00607
00790;00593
00784;00582
00774;00588
00763;00604
00756;00610
00751;00589
00745;00559
00737;00526
00726;00500
00715;00493
00701;00489
00693;00482
00694;00469
00700;00460
00705;00455
00708;00468
00705;00486
00702;00517
00703;00540
00710;00554
00721;00566
00734;00567
00748;00554
00748;00536
00750;00532
00752;00530
00754;00530
00760;00524
00760;00516
00757;00509
00754;00504
00752;00512
00739;00534
00735;00553
00731;00559
00731;00553
00745;00545
00759;00533
00776;00530
00795;00525
00806;00523
00818;00516
00827;00507
00847;00506
00862;00506
00876;00514
00880;00517
00883;00521
00888;00514
00890;00513
00892;00509
00897;00492
00906;00476
00906;00459
00908;00449
00903;00446
00895;00450
00887;00459
00878;00472
00872;00483
00867;00484
00859;00494
00853;00506
00845;00514
00835;00514
00830;00497
00830;00482
00833;00457
00841;00439
00853;00429
00856;00433
00856;00442
00852;00455
00855;00466
00855;00467
00849;00484
00841;00500
00833;00524
00814;00536
00791;00536
00781;00529
00779;00510
00775;00489
00768;00469
00764;00469
00761;00470
00756;00469
00750;00470
00746;00474
00739;00478
00730;00479
00719;00493
00712;00503
00704;00515
00696;00519
00692;00503
00693;00493
00698;00477
00705;00472
00710;00465
00715;00465
00714;00469
00713;00475
00716;00485
00720;00500
00721;00538
00718;00576
00710;00609
00704;00629
00701;00657
00699;00674
00698;00672
00696;00670
00693;00664
00691;00656
00694;00642
00695;00619
00700;00604
00713;00585
00724;00557
00732;00536
00741;00529
00752;00526
00762;00523
00771;00524
00780;00510
00796;00495
00808;00474
00801;00468
00794;00468
00795;00475
00800;00477
00799;00474
00793;00479
00796;00476
00799;00481
00787;00493
00772;00504
00764;00505
00755;00501
00739;00496
00720;00498
00711;00494
00706;00477
00690;00468
00677;00467
00673;00468
00674;00471
00683;00470
00692;00476
00706;00480
00719;00484
00729;00494
00740;00500
00753;00504
00757;00494
00757;00481
00753;00472
00746;00473
00741;00472
00734;00476
00726;00481
00716;00493
00702;00513
00689;00524
00679;00547
00674;00568
00673;00589
00674;00594
00675;00600
00676;00601
00681;00599
00686;00583
00694;00570
00703;00570
00710;00575
00716;00575
00721;00577
00725;00589
00730;00599
00734;00608
00737;00623
00741;00646
00744;00663
00748;00676
00756;00670
00766;00666
00777;00652
00788;00651
00801;00660
00819;00662
00845;00643
00866;00623
00879;00614
00882;00599
00877;00594
00869;00598
00858;00618
00848;00619
00833;00617
00813;00611
00784;00613
00761;00613
00744;00609
00735;00618
00734;00646
00739;00668
00747;00679
00751;00691
00759;00690
00772;00699
00788;00722
00798;00744
00810;00765
00821;00767
00828;00733
00831;00709
00834;00681
00839;00659
00843;00651
00845;00648
00842;00643
00843;00641
00846;00632
00851;00626
00855;00646
00860;00657
00863;00672
00868;00690
00875;00700
00881;00708
00889;00700
00900;00678
00904;00672
00908;00687
00922;00704
00929;00713
00932;00730
00931;00757
00925;00774
00917;00786
00909;00807
00905;00834
00905;00845
00898;00834
00881;00805
00879;00788
00895;00766
00917;00723
00934;00696
00954;00669
00976;00657
00992;00631
01014;00616
01036;00595
01063;00587
01079;00584
01076;00579
01072;00583
01072;00587
01071;00585
01061;00576
01046;00589
01029;00577
01018;00584
01004;00593
00997;00591
00995;00589
00998;00581
01007;00571
01013;00571
01024;00569
01038;00560
01041;00576
01040;00583
01043;00568
01040;00550
01039;00536
01030;00535
01015;00532
01003;00532
00984;00524
00965;00530
00963;00524
00962;00516
00955;00528
00951;00554
00944;00575
00938;00584
00934;00585
00926;00580
00931;00573
00933;00555
00923;00541
00913;00542
00904;00538
00897;00530
00885;00534
00875;00534
00862;00542
00852;00545
00846;00560
00844;00578
00842;00601
00846;00605
00855;00597
00864;00596
00875;00588
00884;00588
00899;00592
00910;00619
00905;00619
00906;00617
00913;00613
00916;00618
00911;00633
00909;00638
00911;00645
00907;00633
00897;00621
00890;00605
00889;00609
00886;00618
00879;00618
00870;00623
00864;00645
00857;00674
00855;00698
00857;00727
00861;00737
00861;00729
00859;00736
00854;00735
00849;00744
00852;00752
00855;00726
00853;00691
00850;00663
00852;00651
00860;00656
00876;00670
00892;00666
00905;00672
00917;00682
00924;00677
00925;00695
00929;00723
00928;00738
00923;00743
00914;00742
00903;00748
00893;00753
00886;00749
00877;00730
00869;00730
00866;00761
00866;00789
00870;00817
00874;00849
00878;00895
00884;00931
00892;00980
00900;01047
00911;01130
00925;01191
00937;01206
00945;01238
00954;01255
00964;01258
00975;01256
00984;01258
00988;01230
00988;01184
00989;01129
00979;01088
00969;01068
00966;01028
00968;01010
00961;01009
00949;01005
00933;00979
00919;00962
00912;00947
00907;00918
00903;00893
00903;00881
00900;00879
00894;00882
00894;00867
00895;00857
00901;00847
00905;00848
00907;00850
00911;00872
00922;00875
00924;00856
00923;00831
00927;00801
00926;00788
00928;00789
00931;00823
00940;00855
00942;00901
00944;00954
00943;01026
00949;01071
00949;01104
00933;01134
00925;01180
00920;01189
00911;01195
00909;01189
00919;01166
00917;01123
00916;01057
00920;01019
00934;00986
00955;00954
00971;00897
00980;00856
00995;00806
00996;00775
00988;00755
00985;00744
00986;00740
00982;00731
00966;00720
00952;00716
00943;00726
00937;00767
00925;00786
00927;00792
00926;00797
00921;00802
00913;00802
00905;00811
00900;00817
00896;00825
00887;00828
00882;00796
00879;00793
00867;00787
00863;00780
00864;00760
00865;00752
00868;00757
00872;00770
00878;00776
00884;00776
00887;00776
00892;00772
00902;00783
00904;00785
00901;00800
00899;00811
00900;00806
00905;00798
00906;00786
00903;00790
00900;00824
00898;00857
00891;00905
00899;00967
00906;01015
00909;01067
00910;01112
00912;01151
00912;01188
00915;01218
00918;01229
00928;01222
00929;01162
00918;01090
00912;01025
00915;00957
00916;00903
00913;00863
00910;00835
00908;00803
00905;00761
00893;00728
00882;00725
00879;00723
00881;00729
00883;00730
00892;00718
00900;00689
00906;00654
00918;00614
00937;00584
00958;00550
00982;00531
01007;00520
01027;00502
01035;00489
01035;00493
01032;00510
01040;00518
01043;00531
01039;00543
01032;00556
01019;00564
01004;00566
00989;00572
00979;00580
00967;00592
00962;00607
00949;00631
00935;00654
00924;00672
00917;00683
00911;00693
00907;00712
00909;00727
00916;00737
00926;00728
00932;00705
00937;00682
00941;00658
00946;00649
00955;00653
00965;00660
00973;00664
00973;00670
00970;00678
00969;00693
00969;00717
00968;00741
00965;00770
00959;00777
00951;00774
00946;00762
00943;00738
00940;00716
00936;00697
00929;00690
00928;00682
00927;00680
00929;00672
00933;00668
00936;00670
00941;00677
00942;00695
00946;00712
00948;00732
00951;00729
00951;00719
00953;00704
00955;00691
00959;00695
00959;00693
00958;00699
00961;00703
00965;00706
00975;00704
00983;00727
00996;00745
01014;00762
01036;00769
01058;00763
01078;00771
01091;00760
01098;00745
01102;00726
01100;00710
01097;00699
01088;00708
01076;00719
01056;00725
01036;00724
01017;00718
01006;00724
01001;00732
00998;00751
01000;00774
01004;00764
01011;00730
01015;00695
01018;00679
01016;00679
01018;00672
01018;00671
01016;00681
01016;00679
01017;00675
01019;00692
01020;00720
01023;00740
01026;00760
01032;00772
01038;00795
01047;00796
01056;00789
01064;00780
01066;00766
01065;00762
01062;00767
01059;00784
01060;00798
01064;00801
01067;00794
01066;00806
01063;00826
01062;00861
01068;00889
01073;00886
01080;00870
01088;00851
01095;00832
01099;00834
01105;00842
01113;00858
01123;00865
01131;00870
01137;00880
01144;00917
01152;00964
01157;01014
01161;01064
01167;01099
01172;01124
01178;01132
01186;01132
01195;01125
01204;01120
01214;01129
01228;01142
01245;01158
01261;01178
01284;01191
01305;01207
01326;01234
01349;01270
01370;01305
01385;01319
01392;01286
01396;01249
01406;01213
01416;01200
01422;01181
01433;01176
01450;01178
01469;01172
01497;01159
01534;01131
01539;01113
01526;01091
01495;01060
01458;01008
01434;00966
01422;00903
01431;00822
01418;00737
01377;00665
01321;00629
01293;00619
01281;00609
01268;00597
01256;00591
01231;00597
01181;00629
01105;00655
01033;00695
00984;00733
00938;00784
00901;00789
00874;00784
00862;00778
00850;00789
00838;00789
00829;00767
00822;00762
00820;00761
00821;00748
00825;00727
00827;00730
00828;00735
00831;00742
00843;00727
00856;00712
00864;00718
00872;00712
00880;00692
00886;00678
00890;00661
00892;00665
00889;00676
00881;00692
00873;00699
00864;00721
00863;00724
00860;00723
00858;00729
00857;00743
00859;00767
00864;00769
00874;00744
00890;00705
00902;00673
00921;00657
00936;00629
00948;00610
00950;00599
00944;00581
00936;00554
00932;00536
00925;00546
00907;00558
00899;00566
00890;00552
00886;00556
00878;00556
00891;00544
00914;00530
00930;00512
00930;00510
00927;00515
00927;00531
00918;00550
00904;00564
00885;00576
00878;00588
00857;00600
00832;00623
00817;00647
00809;00655
00804;00640
00799;00620
00795;00608
00793;00602
00790;00588
00789;00589
00793;00588
00795;00581
00795;00579
00796;00581
00796;00597
00798;00613
00802;00622
00806;00631
00808;00638
00807;00635
00801;00634
00803;00628
00806;00615
00810;00611
00816;00617
00819;00623
00820;00627
00824;00618
00828;00621
00833;00620
00840;00631
00845;00651
00853;00680
00859;00692
00867;00680
00877;00660
00885;00640
00892;00638
00896;00640
00906;00640
00913;00634
00908;00627
00900;00629
00892;00638
00884;00666
00875;00691
00867;00717
00859;00725
00855;00732
00842;00741
00833;00737
00836;00724
00837;00698
00839;00696
00839;00697
00840;00702
00840;00715
00840;00726
00840;00734
00838;00744
00835;00766
00832;00794
00830;00819
00824;00810
00817;00787
00810;00764
00805;00736
00796;00736
00789;00751
00788;00759
00786;00769
00783;00770
00787;00771
00806;00776
00821;00782
00834;00797
00842;00816
00849;00818
00854;00790
00856;00770
00855;00740
00855;00723
00850;00702
00830;00702
00816;00710
00802;00715
00796;00703
00796;00693
00802;00691
00807;00690
00816;00700
00821;00713
00823;00736
00825;00733
00828;00716
00836;00696
00841;00684
00841;00669
00837;00662
00832;00660
00823;00662
00816;00649
00813;00635
00812;00628
00811;00628
00814;00628
00816;00629
00815;00632
00817;00632
00822;00631
00833;00619
00849;00608
00870;00588
00891;00577
00908;00572
00910;00574
00913;00583
00920;00593
00921;00602
00921;00604
00918;00616
00911;00636
00905;00656
00897;00663
00892;00654
00905;00630
00915;00610
00922;00593
00931;00583
00936;00574
00944;00562
00953;00545
00959;00561
00962;00578
00956;00603
00933;00647
00913;00674
00896;00701
00882;00718
00871;00737
00856;00748
00841;00756
00827;00730
00814;00719
00814;00718
00816;00713
00822;00706
00824;00695
00824;00688
00830;00684
00834;00685
00837;00688
00842;00690
00851;00676
00856;00656
00864;00631
00873;00613
00898;00591
00923;00576
00927;00568
00931;00563
00931;00553
00931;00563
00927;00568
00922;00569
00917;00569
00913;00576
00892;00591
00871;00593
00866;00592
00863;00573
00866;00555
00865;00528
00866;00522
00865;00531
00862;00546
00858;00555
00858;00565
00859;00580
00865;00593
00873;00616
00878;00645
00883;00671
00889;00683
00899;00672
00908;00654
00917;00638
00921;00626
00921;00626
00917;00618
00912;00616
00909;00607
00913;00605
00919;00607
00928;00618
00946;00629
00973;00642
00995;00640
01006;00628
01007;00621
01010;00591
01024;00551
01029;00500
01027;00462
01010;00439
00980;00424
00939;00409
00904;00402
00887;00393
00886;00381
00882;00392
00863;00425
00843;00466
00829;00496
00828;00504
00835;00506
00844;00515
00854;00532
00862;00555
00868;00586
00878;00613
00889;00634
00902;00653
00916;00669
00930;00697
00944;00721
00958;00736
00974;00730
00997;00717
01012;00700
01023;00679
01035;00658
01049;00629
01069;00618
01088;00614
01103;00611
01117;00610
01118;00616
01107;00623
01098;00633
01092;00651
01089;00676
01083;00701
01073;00703
01060;00689
01047;00681
01035;00668
01028;00665
01027;00667
01029;00660
01025;00652
01017;00644
01009;00654
01001;00666
00997;00686
00996;00702
00993;00720
00988;00735
00979;00738
00976;00749
00984;00748
00989;00738
00990;00706
00991;00693
00988;00694
00986;00687
00988;00680
00995;00667
01002;00660
01012;00649
01021;00651
01031;00650
01053;00650
01081;00638
01104;00616
01114;00605
01118;00595
01119;00589
01130;00581
01138;00575
01137;00570
01133;00575
01128;00593
01115;00613
01101;00635
01099;00659
01100;00683
01102;00702
01095;00723
01089;00748
01089;00757
01090;00759
01085;00750
01090;00755
01100;00765
01100;00763
01102;00756
01109;00740
01121;00724
01131;00706
01137;00702
01140;00706
01140;00713
01134;00702
01126;00667
01118;00636
01106;00607
01092;00593
01082;00585
01066;00574
01053;00559
01047;00541
01045;00523
01046;00503
01049;00506
01055;00514
01062;00527
01064;00534
01057;00537
01056;00543
01052;00546
01043;00555
01031;00557
01014;00575
00998;00593
00982;00614
00971;00627
00963;00637
00956;00650
00951;00661
00945;00675
00941;00688
00940;00706
00939;00711
00940;00696
00943;00672
00944;00649
00948;00639
00953;00632
00958;00625
00959;00636
00960;00647
00962;00661
00964;00672
00965;00699
00968;00744
00970;00796
00970;00842
00967;00879
00962;00910
00964;00905
00964;00894
00968;00874
00975;00861
00978;00856
00979;00831
00980;00807
00981;00785
00987;00762
01001;00745
01012;00736
01020;00729
01021;00727
01020;00721
01031;00685
01043;00658
01049;00628
01058;00597
01059;00574
01049;00554
01039;00549
01034;00545
01031;00545
01027;00545
01015;00569
01004;00585
01002;00604
00995;00624
00987;00638
00980;00652
00973;00656
00969;00651
00968;00640
00969;00638
00970;00638
00963;00648
00951;00655
00942;00661
00935;00666
00932;00674
00935;00691
00934;00710
00932;00729
00927;00742
00927;00734
00930;00716
00932;00698
00936;00693
00947;00693
00957;00694
00970;00681
00979;00668
00981;00661
00983;00652
00985;00671
00990;00701
00995;00741
01001;00773
01004;00803
01006;00825
01000;00848
00997;00865
00999;00881
01003;00918
01007;00953
01011;00979
01019;00997
01026;01008
01033;01007
01038;01011
01047;01018
01057;01039
01067;01058
01076;01055
01086;01025
01093;01000
01098;00978
01102;00963
01107;00962
01112;00961
01115;00970
01118;00972
01122;00978
01123;00982
01121;01000
01120;01032
01119;01072
01117;01100
01115;01130
01114;01158
01114;01164
01115;01169
01117;01169
01122;01183
01127;01219
01134;01247
01140;01264
01146;01285
01152;01294
01157;01302
01164;01339
01172;01386
01180;01432
01186;01457
01195;01444
01204;01419
01210;01379
01213;01361
01215;01352
01219;01346
01223;01336
01224;01328
01221;01338
01223;01364
01223;01411
01220;01475
01223;01544
01227;01574
01230;01577
01225;01570
01226;01522
01245;01451
01248;01367
01236;01289
01223;01223
01214;01150
01195;01085
01175;01043
01154;01019
01145;00995
01131;01019
01092;01070
01065;01124
01053;01154
01044;01141
01034;01122
01033;01096
01036;01076
01042;01063
01042;01064
01054;01050
01063;01044
01068;01050
01072;01072
01073;01122
01076;01149
01070;01189
01063;01229
01054;01270
01047;01300
01028;01317
01022;01302
01021;01269
01018;01246
01016;01242
01013;01260
01016;01260
01017;01247
01021;01225
01025;01206
01028;01212
01034;01243
01043;01278
01051;01292
01059;01257
01069;01224
01081;01193
01089;01175
01092;01175
01097;01187
01101;01194
01105;01204
01108;01213
01114;01237
01122;01291
01127;01349
01140;01394
01184;01381
01203;01349
01211;01312
01220;01262
01218;01189
01212;01112
01204;01038
01193;00975
01184;00902
01170;00849
01128;00839
01134;00812
01139;00790
01127;00789
01115;00804
01106;00815
01099;00808
01107;00769
01112;00738
01111;00701
01107;00686
01068;00700
01037;00716
01023;00721
01016;00719
01011;00711
01004;00715
00987;00745
00970;00783
00960;00847
00953;00897
00946;00941
00942;00979
00940;00995
00941;01004
00940;01021
00938;01036
00934;01058
00932;01070
00930;01056
00930;01043
00942;01014
00964;00964
00983;00934
00998;00902
01007;00877
01014;00846
01017;00790
01020;00734
01022;00682
01029;00638
01033;00609
01018;00603
01002;00606
00988;00628
00980;00641
00978;00662
00982;00687
00985;00715
00984;00742
00977;00766
00967;00797
00962;00823
00962;00824
00964;00812
00972;00797
00983;00784
00992;00778
00995;00775
01004;00770
01019;00757
01028;00737
01038;00715
01048;00715
01058;00713
01056;00721
01050;00726
01042;00711
01040;00688
01029;00668
01013;00654
01004;00646
00995;00638
00988;00631
00977;00630
00970;00622
00961;00617
00952;00629
00947;00649
00956;00660
00965;00667
00963;00676
00960;00669
00960;00652
00960;00630
00958;00617
00956;00609
00954;00614
00950;00617
00935;00634
00924;00648
00921;00653
00919;00669
00914;00690
00916;00713
00915;00733
00919;00740
00924;00726
00927;00711
00933;00692
00941;00677
00948;00671
00954;00677
00957;00683
00955;00705
00956;00719
00956;00736
00957;00766
00959;00810
00957;00849
00948;00894
00941;00923
00933;00952
00928;00967
00928;00960
00935;00949
00942;00944
00948;00944
00956;00927
00959;00918
00962;00897
00965;00889
00969;00879
00973;00876
00971;00879
00962;00897
00952;00912
00946;00903
00938;00891
00937;00864
00934;00844
00933;00841
00931;00840
00930;00844
00934;00851
00938;00848
00937;00843
00933;00846
00928;00860
00924;00885
00925;00911
00927;00926
00931;00946
00935;00946
00935;00938
00940;00940
00956;00937
00974;00953
00989;00968
01002;00976
01013;00975
01020;00954
01018;00916
01013;00905
01005;00902
00994;00890
00979;00886
00968;00854
00967;00810
00967;00762
00963;00728
00956;00718
00954;00709
00952;00696
00949;00697
00948;00700
00952;00690
00963;00677
00951;00689
00942;00710
00939;00738
00941;00750
00946;00770
00950;00760
00958;00730
00958;00703
00951;00690
00930;00708
00922;00716
00910;00720
00897;00703
00882;00699
00868;00699
00856;00730
00842;00768
00841;00800
00850;00815
00856;00810
00862;00801
00870;00805
00879;00825
00886;00862
00896;00889
00912;00906
00924;00922
00926;00943
00923;00979
00922;01017
00921;01065
00921;01105
00926;01118
00940;01086
00943;01055
00943;01014
00947;00972
00951;00935
00949;00897
00945;00873
00941;00849
00937;00823
00931;00817
00918;00826
00911;00826
00900;00843
00891;00864
00884;00890
00881;00919
00884;00914
00891;00895
00900;00883
00908;00874
00916;00893
00930;00916
00950;00934
00972;00943
00993;00939
01013;00923
01029;00926
01041;00929
01038;00927
01031;00922
01020;00901
01006;00884
00987;00864
00964;00836
00943;00803
00920;00782
00897;00781
00882;00786
00881;00780
00876;00776
00873;00772
00870;00770
00869;00772
00868;00793
00872;00826
00891;00851
00908;00852
00915;00838
00923;00836
00938;00829
00963;00811
00978;00798
00989;00795
00998;00795
01004;00784
00998;00773
00993;00781
00994;00806
01001;00831
01006;00862
01003;00894
01016;00914
01027;00897
01025;00867
01020;00846
01017;00831
01017;00820
01011;00803
00995;00789
00978;00771
00961;00756
00937;00753
00916;00776
00909;00808
00905;00836
00902;00862
00897;00867
00896;00865
00901;00854
00914;00842
00937;00841
00970;00817
00988;00798
00991;00790
00994;00775
00996;00754
00996;00744
00996;00748
00996;00764
00988;00788
00969;00796
00940;00823
00928;00829
00931;00815
00931;00796
00923;00778
00913;00774
00905;00781
00895;00774
00884;00769
00872;00768
00861;00760
00849;00774
00839;00800
00832;00852
00832;00922
00841;00950
00852;00943
00857;00941
00863;00927
00867;00925
00871;00921
00885;00917
00904;00918
00924;00892
00941;00855
00943;00840
00937;00851
00936;00858
00934;00868
00936;00871
00941;00858
00934;00838
00919;00807
00903;00788
00890;00770
00886;00775
00885;00771
00883;00763
00882;00752
00880;00744
00878;00755
00885;00761
00901;00775
00916;00788
00926;00790
00937;00765
00944;00735
00949;00717
00955;00704
00960;00692
00958;00674
00948;00651
00926;00605
00898;00560
00876;00534
00849;00521
00819;00518
00791;00512
00759;00510
00727;00499
00699;00498
00673;00502
00648;00521
00629;00536
00611;00546
00597;00561
00590;00584
00586;00601
00585;00610
00585;00628
00586;00647
00590;00675
00597;00715
00607;00748
00612;00775
00617;00782
00621;00767
00628;00754
00636;00741
00642;00738
00647;00729
00649;00725
00649;00725
00648;00736
00652;00742
00652;00771
00654;00800
00652;00829
00649;00876
00650;00899
00652;00903
00654;00883
00656;00852
00659;00820
00660;00796
00662;00772
00663;00761
00664;00750
00667;00719
00671;00682
00671;00671
00673;00677
00677;00688
00679;00698
00682;00701
00683;00685
00683;00663
00682;00643
00682;00627
00681;00631
00684;00628
00684;00642
00687;00667
00689;00692
00694;00712
00699;00736
00706;00757
00714;00772
00719;00791
00721;00814
00725;00860
00730;00880
00733;00881
00734;00871
00732;00866
00732;00884
00732;00907
00729;00938
00731;00962
00734;00967
00736;00945
00735;00924
00734;00919
00738;00917
00740;00912
00740;00877
00742;00836
00745;00794
00747;00756
00747;00743
00746;00744
00749;00773
00754;00789
00757;00810
00765;00834
00771;00865
00776;00904
00779;00961
00782;01013
00787;01049
00790;01083
00796;01081
00798;01083
00796;01075
00796;01064
00795;01087
00796;01110
00797;01113
00796;01111
00794;01107
00793;01091
00789;01096
00788;01094
00787;01095
00782;01096
00774;01056
00769;01010
00766;00961
00758;00927
00755;00912
00752;00903
00749;00895
00746;00882
00742;00875
00740;00873
00742;00883
00744;00900
00741;00928
00744;00951
00744;00954
00743;00947
00743;00931
00741;00907
00738;00864
00731;00818
00724;00772
00713;00723
00703;00661
00689;00597
00673;00531
00658;00472
00642;00415
00624;00376
00605;00344
00587;00318
00570;00281
00556;00245
00543;00210
00531;00176
00520;00146
00510;00120
00500;00099
00492;00078
00484;00065
00476;00056
00469;00053
00459;00053
00450;00061
00442;00069
00433;00075
00424;00076
00414;00080
00404;00080
00397;00083
00390;00085
00385;00086
00380;00090
00375;00090
00371;00092
00368;00096
00365;00100
00363;00093
00363;00091
00362;00090
00363;00087
00366;00080
00369;00072
00372;00064
00373;00055
00375;00046
00377;00044
00378;00050
00379;00055
00379;00057
00378;00060
00376;00069
00375;00076
00374;00085
00374;00093
00375;00099
00376;00100
00377;00096
00380;00087
00381;00080
00382;00074
00383;00071
00383;00074
00383;00074
00384;00078
00384;00077
00384;00074
00384;00072
00385;00077
00386;00078
00387;00081
00386;00080
00385;00076
00383;00066
00382;00055
00378;00050
00374;00055
00370;00066
00364;00069
00360;00074
00357;00080
00353;00081
00349;00086
00346;00096
00343;00104
00341;00107
00340;00104
00340;00099
00341;00096
00343;00092
00344;00087
00346;00087
00350;00084
00354;00080
00358;00081
00361;00088
00365;00089
00366;00090
00365;00094
00365;00102
00364;00113
00363;00123
00359;00127
00357;00129
00356;00121
00354;00111
00353;00105
00353;00099
00352;00095
00353;00094
00353;00093
00354;00083
00355;00076
00355;00076
00355;00083
00355;00091
00354;00093
00354;00099
00354;00098
00354;00095
00352;00088
00351;00091
00350;00097
00350;00100
00350;00099
00350;00100
00350;00104
00351;00107
00351;00115
00352;00122
00353;00124
00353;00128
00353;00129
00353;00128
00354;00128
00355;00129
00355;00135
00354;00134
00352;00134
00349;00135
00348;00142
00346;00143
00346;00140
00345;00143
00343;00144
00341;00140
00340;00133
00342;00137
00346;00129
00349;00124
00352;00116
00356;00111
00357;00114
00358;00116
00359;00118
00360;00124
00359;00129
00357;00128
00354;00135
00352;00138
00351;00141
00350;00145
00351;00141
00352;00127
00355;00117
00360;00107
00364;00102
00369;00096
00371;00096
00373;00094
00373;00095
00373;00090
00372;00089
00370;00097
00370;00105
00370;00109
00367;00113
00362;00122
00364;00115
00367;00112
00370;00104
00374;00104
00375;00104
00375;00103
00373;00104
00368;00110
00367;00107
00367;00099
00363;00105
00357;00109
00352;00112
00347;00109
00345;00107
00344;00102
00344;00099
00343;00093
00342;00098
00342;00102
00341;00099
00340;00099
00340;00104
00339;00109
00339;00114
00340;00126
00340;00131
00340;00131
00341;00131
00342;00132
00343;00133
00342;00132
00342;00130
00341;00131
00340;00135
00338;00135
00338;00136
00337;00139
00336;00135
00336;00134
00336;00140
00336;00146
00337;00154
00338;00164
00339;00169
00341;00170
00342;00169
00342;00170
00342;00181
00341;00183
00341;00176
00340;00169
00338;00163
00337;00148
00336;00138
00334;00134
00333;00133
00332;00131
00331;00123
00330;00119
00330;00119
00330;00117
00330;00113
00330;00117
00329;00122
00329;00124
00329;00124
00327;00123
00327;00119
00326;00117
00325;00114
00324;00115
00325;00117
00324;00119
00324;00111
00325;00102
00326;00097
00326;00096
00327;00103
00329;00107
00330;00120
00331;00128
00332;00134
00333;00132
00333;00136
00333;00143
00333;00151
00333;00156
00333;00157
00333;00162
00334;00150
00334;00140
00335;00130
00335;00126
00336;00121
00337;00118
00337;00111
00338;00104
00340;00095
00343;00083
00347;00084
00350;00087
00354;00086
00357;00088
00361;00089
00364;00085
00367;00082
00371;00081
00374;00084
00376;00083
00374;00081
00372;00079
00370;00087
00367;00097
00363;00113
00361;00129
00358;00142
00355;00150
00352;00158
00349;00167
00349;00169
00348;00171
00351;00165
00354;00153
00356;00141
00357;00130
00358;00124
00358;00122
00359;00117
00359;00111
00358;00112
00357;00116
00353;00118
00349;00125
00346;00128
00345;00131
00343;00136
00342;00143
00340;00156
00338;00165
00337;00170
00336;00174
00335;00190
00334;00199
00333;00210
00331;00221
00331;00225
00331;00218
00330;00206
00329;00200
00328;00194
00328;00186
00328;00170
00328;00157
00328;00144
00328;00131
00328;00123
00328;00122
00328;00120
00328;00121
00328;00128
00328;00139
00329;00149
00330;00162
00330;00166
00331;00165
00331;00165
00331;00172
00332;00186
00332;00203
00332;00213
00332;00218
00332;00222
00331;00215
00331;00212
00332;00215
00333;00217
00333;00207
00335;00192
00337;00171
00337;00150
00338;00132
00339;00116
00340;00108
00340;00107
00339;00107
00340;00107
00341;00112
00342;00124
00342;00141
00343;00169
00344;00202
00346;00236
00347;00273
00347;00296
00348;00314
00348;00325
00347;00333
00346;00341
00345;00337
00344;00326
00342;00309
00340;00290
00339;00268
00337;00258
00336;00253
00334;00257
00333;00256
00332;00255
00331;00259
