022
1.29
PD500-0212
001157 001239 001049
1.11 1.40 1.30
CORE ALPH 1
19.06.2015
14:17:46
010
10000
05014
1
05000
04244
0250
5000
0061
0518
02649
02517
4
1
1
1
1
0
+00,0
090,0
+00,8
006,9
0
0
0
0
0
000
00000
0
0
000
000
00000
0
0
0
000
00000


0
0
0
00000
000
00000
0
000
000
000
00000
00000
000
000
00000
000
000
00000
000
000
00000
0
0
0
00000
00000
000
000
00,0
000
000
000
00000
000
000
0
0
0
00000
000
00000
000
000
0
0
0
00000
00000
00000
00000
00000
00000
0
0
000
00000
000
0
000
00000
000
0
00000
000000




00000-00000: 
00000-00000: 
00000-00000: 
00000-00000: 
00000-00000: 
00000-00000: 
ALPH TRIALS SPEED





00000;00000
00000;00000
00000;00000
00000;00000
00000;00000
00000;00000
00000;00000
00000;00002
00000;00008
00000;00012
00000;00019
00000;00026
00000;00031
00000;00037
00000;00046
00000;00055
00000;00063
00000;00070
00000;00073
00000;00081
00000;00091
00000;00100
00000;00106
00000;00120
00000;00130
00000;00137
00000;00145
00000;00157
00000;00175
00000;00197
00002;00214
00005;00225
00010;00238
00015;00247
00021;00259
00029;00279
00036;00308
00044;00335
00053;00355
00063;00364
00070;00378
00075;00402
00080;00425
00086;00437
00089;00453
00092;00467
00096;00478
00100;00476
00102;00469
00102;00468
00102;00467
00104;00463
00104;00461
00103;00461
00101;00451
00097;00447
00091;00434
00087;00432
00083;00434
00079;00442
00077;00445
00074;00436
00070;00437
00073;00456
00082;00492
00099;00535
00125;00576
00153;00606
00178;00642
00204;00658
00227;00667
00250;00691
00274;00711
00293;00720
00306;00719
00311;00706
00311;00690
00309;00666
00310;00631
00313;00610
00322;00596
00329;00590
00330;00585
00333;00581
00339;00568
00348;00554
00356;00549
00364;00566
00376;00586
00384;00600
00385;00610
00387;00603
00393;00587
00400;00566
00406;00555
00409;00546
00408;00546
00405;00548
00400;00550
00397;00553
00397;00567
00399;00592
00401;00622
00402;00658
00403;00692
00403;00732
00407;00751
00411;00750
00414;00747
00420;00750
00427;00747
00434;00750
00442;00756
00449;00766
00457;00765
00465;00758
00473;00764
00479;00785
00483;00817
00488;00846
00493;00867
00497;00864
00502;00852
00509;00831
00517;00826
00528;00839
00544;00859
00566;00888
00590;00911
00614;00937
00638;00970
00663;01026
00688;01099
00717;01180
00744;01258
00768;01320
00785;01350
00800;01340
00815;01320
00827;01294
00838;01265
00849;01242
00858;01205
00854;01162
00843;01112
00833;01061
00825;01029
00816;01026
00807;01035
00799;01045
00793;01053
00788;01038
00787;01019
00799;00993
00817;00978
00834;00971
00852;00974
00870;00996
00891;01012
00914;01031
00936;01051
00959;01085
00980;01120
01006;01133
01026;01123
01015;01095
00983;01058
00948;01001
00912;00940
00876;00872
00847;00800
00835;00729
00828;00658
00789;00611
00740;00581
00718;00560
00726;00539
00742;00520
00761;00508
00771;00505
00770;00506
00753;00503
00729;00499
00730;00489
00750;00479
00769;00463
00774;00455
00770;00453
00765;00459
00765;00458
00767;00461
00765;00467
00757;00482
00746;00508
00733;00538
00720;00560
00716;00575
00720;00580
00724;00572
00732;00563
00728;00553
00723;00552
00720;00565
00720;00586
00721;00608
00725;00645
00731;00676
00739;00711
00752;00740
00751;00774
00766;00805
00802;00814
00833;00796
00865;00760
00896;00719
00920;00676
00935;00632
00943;00594
00934;00577
00932;00553
00924;00533
00891;00531
00856;00547
00834;00559
00816;00568
00810;00565
00812;00570
00793;00569
00780;00557
00763;00553
00751;00548
00747;00544
00742;00539
00723;00545
00696;00553
00660;00577
00621;00600
00604;00627
00591;00659
00582;00697
00572;00736
00568;00754
00564;00757
00561;00762
00560;00772
00565;00777
00570;00785
00579;00793
00586;00805
00592;00810
00600;00819
00603;00845
00604;00895
00607;00939
00609;00985
00608;01037
00609;01074
00610;01096
00616;01103
00628;01110
00647;01107
00677;01102
00712;01086
00741;01071
00770;01038
00797;01007
00818;00984
00836;00976
00855;00979
00866;00990
00873;01004
00873;01007
00861;00998
00852;00998
00850;01013
00852;01030
00860;01060
00877;01079
00889;01105
00896;01128
00900;01172
00908;01234
00923;01311
00938;01383
00958;01430
00972;01462
00980;01463
00977;01461
00975;01422
00974;01365
00971;01285
00962;01203
00950;01122
00936;01042
00910;00979
00881;00928
00855;00893
00832;00870
00828;00872
00847;00875
00855;00878
00870;00860
00894;00818
00907;00773
00907;00747
00912;00738
00921;00749
00928;00775
00930;00822
00918;00881
00917;00977
00909;01080
00902;01207
00915;01321
00937;01428
00956;01517
00972;01588
00991;01634
01019;01619
01041;01597
01056;01550
01067;01515
01070;01493
01054;01494
01044;01485
01038;01478
01039;01478
01037;01493
01022;01551
01008;01625
01002;01691
01005;01734
01016;01727
01036;01712
01065;01700
01097;01690
01119;01696
01153;01698
01184;01703
01199;01681
01202;01657
01198;01642
01186;01639
01169;01628
01149;01624
01137;01614
01136;01569
01107;01518
01065;01445
01031;01398
01017;01356
00998;01327
00981;01337
00981;01358
00974;01355
00960;01320
00932;01277
00923;01244
00931;01238
00946;01236
00956;01242
00972;01228
00990;01178
00997;01115
01002;01066
00992;01057
00979;01073
00965;01091
00952;01118
00938;01136
00922;01136
00911;01141
00904;01150
00905;01147
00906;01140
00922;01138
00961;01129
01003;01104
01026;01047
01031;00989
01036;00942
01036;00912
01036;00919
01029;00941
01025;00957
01015;00963
00989;00970
00966;00993
00960;01020
00968;01056
00971;01104
00974;01138
00966;01133
00958;01129
00950;01145
00942;01162
00930;01190
00915;01214
00894;01243
00877;01252
00866;01259
00865;01271
00877;01282
00898;01305
00942;01315
00979;01335
01012;01338
01036;01343
01056;01339
01074;01349
01101;01326
01121;01294
01127;01295
01128;01292
01104;01287
01087;01262
01070;01235
01059;01193
01045;01166
01026;01137
01001;01130
00975;01122
00957;01077
00931;01019
00905;00970
00890;00917
00876;00882
00857;00869
00844;00858
00844;00835
00847;00801
00845;00770
00841;00758
00847;00746
00862;00733
00873;00738
00879;00730
00914;00700
00939;00652
00956;00616
00968;00602
00990;00588
01016;00576
01033;00570
01033;00569
01021;00576
01016;00590
00999;00598
00989;00621
00978;00648
00970;00669
00955;00685
00937;00695
00923;00695
00920;00685
00925;00655
00930;00630
00927;00629
00931;00620
00937;00605
00956;00586
00969;00584
00979;00586
00998;00590
01012;00599
01016;00609
01021;00602
01022;00596
01031;00591
01047;00576
01049;00565
01060;00549
01083;00543
01088;00559
01098;00574
01117;00590
01131;00605
01145;00609
01138;00612
01122;00630
01117;00643
01115;00632
01092;00614
01084;00577
01078;00540
01073;00503
01080;00473
01089;00454
01106;00451
01143;00440
01153;00443
01157;00463
01180;00475
01202;00490
01197;00509
01204;00521
01194;00530
01182;00540
01161;00543
01126;00539
01104;00519
01081;00506
01056;00503
01019;00511
01003;00519
00977;00540
00962;00567
00959;00589
00959;00602
00959;00619
00976;00636
00991;00644
00998;00656
01025;00645
01063;00619
01080;00592
01096;00562
01100;00539
01108;00522
01119;00502
01118;00500
01119;00510
01123;00508
01103;00517
01070;00537
01052;00559
01038;00580
01024;00608
01015;00637
01006;00658
00988;00642
00969;00616
00953;00605
00953;00613
00956;00633
00952;00660
00947;00683
00946;00697
00933;00712
00927;00722
00920;00749
00914;00771
00902;00782
00890;00770
00874;00747
00870;00716
00867;00698
00859;00688
00852;00683
00837;00687
00826;00701
00820;00711
00820;00710
00815;00724
00813;00741
00809;00764
00805;00774
00807;00771
00812;00761
00824;00735
00838;00698
00843;00666
00840;00656
00834;00660
00825;00663
00815;00661
00803;00655
00785;00658
00770;00656
00752;00679
00732;00720
00720;00771
00714;00822
00710;00848
00710;00864
00712;00868
00712;00901
00715;00945
00720;00988
00725;01025
00728;01062
00732;01101
00738;01142
00753;01192
00770;01237
00787;01292
00805;01332
00821;01372
00839;01405
00858;01406
00876;01399
00889;01393
00904;01356
00907;01317
00903;01299
00907;01292
00909;01273
00905;01226
00894;01181
00879;01178
00864;01179
00853;01167
00842;01157
00831;01145
00826;01125
00816;01103
00814;01082
00818;01072
00823;01092
00836;01112
00853;01117
00865;01116
00860;01121
00853;01120
00839;01125
00822;01140
00806;01167
00791;01188
00783;01174
00769;01137
00754;01104
00738;01089
00741;01089
00754;01128
00775;01159
00792;01177
00808;01166
00822;01150
00826;01153
00831;01173
00838;01211
00850;01228
00861;01236
00868;01208
00874;01173
00887;01136
00903;01111
00917;01110
00937;01123
00961;01128
00984;01117
01003;01119
01012;01131
01021;01164
01028;01206
01033;01258
01036;01318
01039;01347
01036;01360
01029;01378
01023;01384
01022;01385
01023;01390
01028;01399
01033;01411
01035;01420
01034;01428
01035;01454
01040;01477
01045;01509
01050;01575
01053;01637
01062;01698
01072;01720
01087;01712
01109;01679
01129;01635
01140;01605
01142;01607
01145;01609
01147;01583
01145;01573
01140;01566
01138;01585
01130;01618
01113;01683
01095;01765
01091;01803
01091;01790
01084;01777
01070;01749
01063;01722
01063;01690
01062;01664
01066;01651
01076;01623
01085;01588
01098;01578
01114;01592
01132;01596
01149;01640
01166;01674
01176;01695
01183;01686
01187;01649
01187;01605
01194;01566
01193;01546
01193;01555
01199;01564
01214;01575
01227;01589
01243;01617
01257;01671
01276;01746
01302;01829
01322;01897
01339;01950
01352;01993
01366;02036
01382;02022
01400;02003
01414;01978
01432;01953
01443;01954
01451;01962
01465;01971
01487;01979
01507;01970
01525;01974
01538;02023
01559;02074
01576;02121
01589;02138
01604;02111
01626;02076
01638;02060
01654;02044
01676;02062
01699;02082
01717;02096
01726;02114
01741;02149
01757;02210
01778;02293
01792;02375
01805;02457
01816;02547
01827;02613
01852;02649
01882;02641
01911;02609
01939;02555
01964;02511
01982;02501
02007;02492
02035;02481
02053;02454
02068;02431
02080;02432
02097;02474
02126;02527
02189;02569
02328;02528
02479;02317
02516;02077
02517;01830
02507;01591
02489;01346
02451;01100
02404;00866
02345;00650
02269;00450
02138;00312
01907;00313
01758;00344
01686;00367
01646;00391
01619;00404
01591;00420
01557;00428
01528;00425
01500;00422
01461;00440
01424;00470
01394;00492
01356;00518
01300;00538
01237;00576
01186;00615
01143;00657
01097;00702
01045;00734
01021;00745
01007;00739
00998;00723
00985;00721
00969;00743
00962;00765
00963;00769
00966;00760
00965;00752
00960;00764
00944;00786
00920;00815
00892;00861
00870;00896
00862;00912
00853;00903
00833;00911
00823;00902
00819;00878
00816;00846
00827;00813
00834;00777
00845;00728
00863;00680
00880;00633
00892;00596
00916;00548
00925;00535
00930;00534
00940;00537
00945;00535
00950;00527
00955;00516
00965;00506
00969;00496
00970;00501
00969;00515
00981;00522
00993;00526
01005;00521
01014;00515
01026;00519
01039;00549
01041;00600
01042;00651
01055;00676
01061;00692
01046;00690
01032;00689
01014;00697
01000;00719
00984;00745
00962;00764
00939;00784
00923;00793
00912;00789
00887;00804
00872;00847
00860;00875
00849;00898
00835;00923
00828;00938
00825;00928
00822;00899
00815;00877
00805;00895
00811;00909
00815;00909
00817;00935
00818;00956
00822;00969
00822;00991
00832;01034
00845;01058
00850;01078
00843;01086
00839;01100
00839;01099
00842;01098
00845;01108
00853;01105
00854;01093
00849;01060
00839;01043
00838;01010
00839;00971
00836;00922
00832;00895
00832;00854
00833;00813
00823;00790
00821;00765
00821;00737
00824;00710
00824;00704
00825;00709
00830;00708
00837;00714
00841;00722
00843;00729
00849;00721
00854;00718
00859;00737
00864;00754
00870;00772
00878;00781
00889;00798
00902;00798
00915;00792
00929;00780
00939;00780
00949;00798
00960;00813
00971;00824
00990;00821
01008;00810
01009;00789
01007;00785
01000;00799
00996;00819
00990;00831
00985;00814
00980;00762
00966;00715
00950;00672
00930;00645
00920;00615
00921;00578
00935;00545
00960;00502
00994;00452
01019;00433
01035;00449
01047;00465
01058;00493
01068;00501
01088;00516
01106;00536
01116;00542
01104;00552
01091;00559
01086;00563
01087;00563
01100;00584
01095;00618
01089;00656
01084;00660
01066;00654
01049;00666
01033;00696
01011;00722
00986;00745
00959;00753
00938;00731
00929;00699
00916;00696
00896;00747
00885;00804
00873;00848
00867;00855
00863;00849
00854;00828
00842;00829
00825;00839
00812;00844
00803;00823
00799;00795
00795;00755
00792;00702
00788;00665
00784;00656
00792;00660
00802;00661
00808;00670
00817;00682
00826;00702
00834;00706
00841;00725
00845;00755
00846;00812
00849;00871
00857;00899
00861;00895
00861;00876
00854;00864
00851;00862
00844;00865
00843;00860
00844;00861
00848;00841
00849;00822
00846;00813
00842;00829
00850;00848
00865;00858
00877;00852
00891;00838
00890;00813
00893;00771
00896;00734
00907;00692
00914;00666
00916;00660
00914;00663
00912;00664
00907;00655
00894;00652
00889;00665
00888;00679
00879;00688
00864;00698
00851;00702
00844;00681
00840;00649
00833;00617
00826;00603
00821;00587
00818;00569
00808;00570
00803;00575
00804;00591
00805;00601
00807;00623
00809;00654
00808;00697
00807;00745
00816;00773
00822;00776
00833;00753
00839;00719
00839;00677
00837;00644
00833;00618
00828;00600
00821;00584
00815;00568
00807;00556
00800;00559
00790;00562
00781;00575
00779;00581
00772;00597
00770;00594
00767;00581
00768;00561
00774;00531
00779;00513
00783;00500
00783;00510
00785;00526
00786;00545
00791;00554
00794;00580
00798;00610
00807;00637
00816;00663
00818;00697
00818;00716
00820;00718
00824;00708
00830;00696
00836;00679
00839;00670
00843;00665
00849;00650
00849;00633
00850;00608
00852;00602
00865;00605
00879;00615
00888;00625
00893;00640
00902;00631
00912;00616
00914;00609
00917;00599
00925;00593
00932;00586
00932;00591
00925;00600
00926;00606
00926;00615
00932;00637
00934;00642
00929;00645
00925;00650
00919;00657
00916;00662
00915;00650
00915;00624
00910;00608
00910;00594
00908;00587
00917;00604
00940;00621
00962;00629
00977;00635
00987;00647
00999;00660
01005;00684
01014;00715
01025;00742
01036;00749
01045;00733
01048;00715
01056;00700
01069;00688
01095;00680
01115;00699
01124;00730
01135;00751
01143;00773
01151;00805
01178;00813
01203;00814
01217;00813
01209;00819
01188;00811
01174;00789
01169;00752
01156;00724
01141;00690
01126;00665
01087;00680
01046;00704
01009;00734
00995;00755
00994;00783
00994;00796
01004;00804
01026;00796
01061;00776
01086;00746
01114;00697
01133;00654
01141;00628
01162;00615
01164;00619
01155;00633
01147;00652
01134;00679
01109;00712
01091;00732
01063;00783
01047;00843
01053;00887
01038;00919
01027;00934
01014;00949
00999;00955
00981;00951
00959;00933
00937;00932
00924;00926
00900;00923
00875;00916
00857;00905
00846;00886
00846;00853
00844;00839
00842;00842
00844;00868
00845;00878
00843;00865
00845;00834
00835;00810
00822;00810
00813;00847
00804;00898
00798;00939
00789;00964
00781;00958
00776;00967
00768;00995
00761;01043
00769;01102
00778;01139
00779;01148
00773;01165
00761;01162
00755;01162
00752;01184
00746;01221
00746;01275
00749;01309
00747;01326
00745;01337
00748;01338
00750;01328
00762;01334
00771;01346
00776;01355
00776;01344
00772;01292
00768;01237
00761;01183
00750;01148
00747;01136
00749;01124
00746;01114
00742;01088
00736;01061
00729;01053
00723;01067
00719;01082
00720;01090
00719;01100
00714;01101
00714;01105
00716;01085
00717;01078
00719;01074
00725;01062
00731;01059
00736;01071
00739;01091
00750;01082
00756;01069
00757;01058
00763;01066
00770;01074
00776;01091
00778;01092
00782;01066
00784;01029
00792;00995
00799;00984
00812;00978
00839;00949
00856;00925
00874;00900
00918;00871
00956;00854
00981;00851
00994;00855
01001;00863
01001;00872
00996;00865
00976;00853
00954;00844
00930;00849
00896;00842
00867;00848
00846;00880
00833;00920
00819;00959
00806;01001
00795;01048
00787;01105
00781;01147
00782;01163
00769;01196
00758;01219
00753;01204
00750;01172
00753;01141
00758;01101
00765;01075
00772;01061
00772;01053
00766;01037
00759;01017
00754;01006
00757;00996
00764;00986
00764;00978
00759;00994
00749;00978
00743;00948
00745;00899
00743;00866
00739;00832
00739;00801
00737;00798
00733;00807
00728;00814
00729;00801
00731;00808
00732;00823
00732;00866
00736;00918
00747;00972
00759;00988
00763;00973
00762;00949
00761;00925
00761;00902
00760;00894
00763;00883
00767;00858
00767;00819
00766;00781
00757;00779
00753;00795
00755;00802
00760;00807
00762;00805
00764;00787
00758;00784
00751;00763
00746;00741
00740;00718
00737;00695
00730;00679
00722;00674
00720;00659
00720;00650
00720;00645
00723;00646
00724;00687
00729;00743
00740;00792
00748;00811
00754;00801
00757;00786
00755;00782
00755;00772
00755;00772
00758;00764
00759;00756
00761;00751
00762;00732
00761;00730
00762;00746
00766;00776
00775;00807
00784;00835
00793;00840
00798;00839
00803;00813
00810;00782
00820;00764
00831;00753
00838;00755
00844;00749
00849;00737
00864;00719
00883;00707
00896;00698
00914;00690
00921;00686
00916;00706
00908;00726
00908;00717
00905;00706
00905;00685
00888;00670
00866;00668
00850;00669
00833;00689
00822;00703
00812;00711
00812;00709
00811;00720
00810;00726
00804;00723
00799;00730
00796;00737
00794;00734
00792;00716
00794;00695
00811;00655
00818;00630
00819;00621
00822;00621
00822;00638
00824;00641
00824;00628
00827;00621
00830;00624
00832;00639
00821;00662
00813;00667
00807;00642
00800;00607
00793;00578
00789;00556
00789;00544
00791;00538
00791;00536
00787;00530
00783;00529
00783;00527
00786;00539
00789;00554
00795;00565
00802;00577
00806;00584
00811;00588
00814;00586
00821;00571
00830;00540
00841;00515
00854;00504
00868;00507
00883;00506
00895;00510
00909;00514
00915;00520
00919;00527
00926;00538
00948;00548
00969;00552
00991;00537
01007;00506
01017;00485
01031;00460
01044;00440
01073;00419
01121;00395
01142;00379
01149;00383
01147;00386
01144;00396
01133;00408
01116;00413
01108;00416
01115;00414
01106;00414
01083;00409
01085;00402
01084;00393
01091;00395
01081;00408
01092;00427
01111;00448
01124;00467
01117;00502
01112;00533
01103;00569
01083;00616
01063;00637
01056;00643
01057;00634
01057;00625
01057;00626
01050;00643
01046;00667
01044;00693
01041;00725
01052;00744
01066;00778
01061;00827
01068;00865
01073;00874
01060;00873
01040;00847
01024;00800
01011;00755
01004;00702
01002;00655
00997;00604
00995;00560
00986;00546
00972;00572
00975;00611
00987;00663
00988;00723
00992;00777
00988;00838
00979;00892
00972;00943
00967;00972
00958;00979
00951;00976
00942;00966
00936;00958
00937;00938
00934;00914
00928;00890
00916;00875
00904;00877
00892;00886
00885;00917
00880;00950
00878;00977
00871;00994
00864;01046
00859;01100
00860;01140
00866;01167
00870;01167
00873;01169
00875;01180
00875;01193
00880;01181
00882;01173
00881;01148
00880;01130
00878;01123
00879;01121
00882;01108
00885;01097
00890;01060
00896;01022
00895;01009
00902;00996
00907;00992
00915;00985
00918;00983
00918;00990
00918;01031
00921;01064
00920;01102
00921;01134
00916;01171
00912;01224
00921;01248
00933;01260
00943;01259
00949;01249
00955;01227
00966;01225
00977;01245
00993;01270
01021;01276
01035;01266
01048;01249
01052;01222
01048;01205
01043;01212
01033;01230
01026;01242
01027;01190
01027;01117
01012;01057
01006;01005
00990;00977
00978;00979
00976;00984
00978;00984
00988;00988
00987;00971
00978;00990
00969;01019
00961;01053
00945;01090
00936;01124
00931;01157
00934;01175
00928;01162
00913;01143
00903;01162
00906;01202
00906;01226
00902;01255
00904;01272
00905;01277
00896;01273
00885;01266
00878;01280
00875;01301
00874;01297
00859;01262
00843;01257
00837;01245
00839;01237
00846;01239
00851;01228
00850;01226
00850;01228
00855;01223
00857;01199
00858;01195
00857;01178
00853;01179
00845;01186
00837;01190
00833;01223
00835;01242
00840;01225
00838;01202
00838;01204
00842;01214
00844;01256
00853;01290
00862;01312
00873;01327
00885;01325
00893;01356
00899;01418
00909;01492
00919;01538
00927;01542
00938;01500
00941;01449
00941;01420
00936;01418
00937;01422
00945;01413
00951;01398
00953;01377
00956;01361
00962;01366
00969;01383
00980;01394
00986;01388
00987;01376
00985;01366
00987;01334
00989;01290
00989;01241
00989;01210
00986;01195
00980;01188
00974;01187
00970;01189
00972;01188
00976;01168
00979;01173
00992;01180
01001;01194
01006;01213
01011;01212
01015;01207
01018;01194
01030;01176
01040;01137
01039;01116
01027;01102
01004;01101
00993;01093
00984;01074
00980;01074
00979;01086
00978;01110
00971;01134
00976;01148
00983;01139
00986;01132
00988;01110
00989;01099
00994;01084
00990;01074
00984;01068
00979;01062
00973;01067
00958;01091
00943;01139
00942;01180
00944;01232
00939;01285
00930;01356
00926;01393
00926;01409
00925;01417
00924;01427
00925;01442
00928;01450
00925;01442
00919;01429
00916;01406
00912;01373
00909;01372
00908;01366
00907;01353
00913;01332
00915;01309
00917;01288
00920;01269
00926;01227
00937;01181
00947;01132
00951;01096
00949;01084
00946;01104
00939;01126
00933;01147
00928;01157
00927;01168
00927;01206
00924;01245
00919;01298
00923;01299
00923;01273
00921;01234
00922;01184
00925;01130
00920;01099
00913;01074
00904;01051
00896;01024
00896;00984
00894;00985
00900;00994
00910;00998
00917;01003
00916;01001
00922;00989
00924;00979
00925;00960
00924;00957
00919;00962
00914;00979
00906;01024
00899;01080
00891;01139
00890;01183
00888;01204
00886;01238
00885;01286
00886;01342
00891;01376
00896;01367
00900;01332
00901;01274
00899;01229
00896;01223
00900;01223
00905;01219
00910;01226
00911;01229
00908;01263
00910;01309
00917;01345
00926;01380
00938;01391
00945;01392
00951;01407
00955;01405
00963;01381
00972;01363
00983;01337
01003;01299
01026;01254
01041;01228
01053;01223
01060;01219
01063;01216
01081;01227
01097;01239
01105;01242
01112;01230
01106;01213
01092;01205
01081;01178
01071;01147
01063;01113
01054;01088
01037;01069
01022;01030
01011;00979
01001;00941
00983;00924
00966;00923
00953;00932
00946;00945
00943;00964
00944;00979
00948;00974
00941;00973
00939;00986
00938;01006
00942;01057
00951;01094
00958;01102
00957;01102
00960;01085
00963;01048
00962;01022
00971;01013
00998;00990
01027;00948
01048;00862
01057;00778
01061;00725
01070;00681
01072;00646
01071;00631
01070;00625
01071;00640
01054;00667
01032;00702
01020;00743
01019;00789
01032;00811
01055;00834
01075;00859
01094;00879
01108;00895
01112;00879
01114;00862
01119;00822
01121;00796
01119;00794
01121;00813
01128;00802
01139;00788
01160;00750
01172;00719
01197;00710
01218;00690
01222;00683
01230;00668
01244;00626
01246;00583
01235;00562
01241;00529
01232;00518
01232;00497
01227;00476
01221;00456
01222;00449
01221;00444
01217;00448
01219;00450
01210;00455
01184;00472
01170;00488
01153;00498
01137;00489
01121;00489
01115;00478
01105;00477
01090;00480
01077;00485
01068;00493
01061;00490
01051;00487
01043;00502
01038;00521
01034;00546
01030;00579
01032;00588
01039;00578
01039;00573
01039;00561
01038;00561
01042;00561
01053;00549
01058;00550
01060;00541
01064;00543
01066;00560
01063;00584
01060;00602
01063;00627
01064;00657
01066;00702
01068;00736
01074;00756
01079;00770
01084;00768
01084;00772
01084;00793
01085;00825
01088;00847
01091;00868
01084;00875
01072;00893
01061;00916
01058;00935
01047;00942
01041;00941
01039;00908
01036;00866
01027;00830
01020;00806
01012;00791
01007;00780
01001;00763
00990;00752
00984;00771
00981;00788
00976;00824
00977;00861
00987;00891
00990;00902
00993;00891
00992;00872
00994;00858
00996;00861
00995;00847
00991;00845
00983;00857
00974;00865
00962;00859
00949;00856
00939;00867
00935;00882
00929;00907
00923;00928
00919;00954
00923;00946
00932;00895
00946;00850
00963;00825
00985;00814
00996;00806
00997;00801
01003;00798
01006;00783
01008;00766
00998;00785
00987;00840
00972;00870
00951;00903
00932;00910
00923;00911
00917;00912
00910;00889
00908;00859
00907;00820
00909;00789
00908;00779
00909;00796
00909;00810
00909;00828
00909;00836
00910;00845
00910;00854
00906;00877
00904;00908
00906;00914
00905;00881
00902;00855
00902;00822
00906;00816
00917;00815
00925;00805
00930;00812
00933;00825
00933;00844
00935;00877
00935;00918
00934;00955
00933;01001
00930;01021
00922;01048
00917;01080
00918;01093
00920;01082
00923;01067
00924;01077
00933;01107
00941;01139
00948;01156
00948;01174
00949;01189
00952;01212
00954;01228
00956;01269
00959;01305
00960;01313
00961;01286
00963;01254
00964;01220
00967;01214
00974;01184
00975;01148
00975;01149
00978;01151
00980;01163
00991;01163
00994;01156
00992;01147
00996;01150
01008;01126
01009;01130
01022;01117
01031;01094
01045;01062
01056;01009
01054;00994
01058;01009
01067;01023
01066;01034
01060;01059
01065;01077
01060;01105
01054;01112
01039;01138
01031;01170
01027;01179
01018;01162
01012;01136
01007;01113
01007;01094
01003;01072
01000;01063
00999;01059
01001;01046
01002;01028
01004;01004
01005;01011
01008;01032
01026;01039
01037;01033
01045;01033
01056;01009
01063;00992
01072;00969
01083;00942
01096;00919
01109;00885
01113;00842
01111;00810
01140;00758
01161;00703
01168;00673
01189;00653
01207;00641
01227;00621
01244;00597
01264;00564
01284;00534
01297;00504
01281;00506
01270;00504
01278;00497
01278;00495
01279;00480
01274;00470
01269;00472
01264;00482
01262;00486
01272;00492
01273;00492
01275;00504
01274;00517
01278;00502
01286;00483
01288;00473
01290;00460
01292;00462
01301;00469
01291;00476
01288;00486
01280;00485
01278;00474
01271;00485
01251;00511
01239;00537
01224;00557
01207;00547
01182;00537
01165;00525
01150;00516
01144;00516
01136;00526
01126;00521
01120;00517
01116;00510
01119;00505
01125;00511
01132;00517
01140;00530
01146;00540
01149;00549
01145;00553
01136;00560
01128;00566
01120;00575
01112;00598
01100;00642
01085;00708
01079;00770
01072;00832
01066;00892
01064;00953
01065;01040
01072;01104
01074;01164
01074;01209
01080;01197
01082;01162
01080;01120
01077;01073
01069;01036
01067;01000
01067;00941
01060;00903
01058;00890
01059;00865
01058;00864
01059;00864
01055;00871
01054;00887
01061;00887
01064;00880
01068;00876
01081;00854
01091;00809
01097;00791
01104;00806
01123;00827
01144;00834
01163;00828
01179;00822
01188;00820
01193;00831
01189;00867
01188;00911
01187;00941
01185;00919
01171;00890
01162;00870
01152;00862
01139;00868
01136;00887
01144;00878
01140;00869
01135;00868
01134;00893
01134;00945
01138;00999
01135;01055
01138;01096
01141;01108
01136;01103
01131;01095
01136;01079
01143;01047
01148;01005
01149;00974
01152;00936
01154;00890
01149;00850
01142;00824
01138;00796
01134;00793
01129;00797
01120;00821
01113;00816
01105;00794
01103;00771
01101;00755
01103;00746
01107;00749
01113;00762
01109;00768
01110;00764
01112;00755
01115;00756
01122;00760
01124;00767
01122;00779
01117;00795
01115;00800
01111;00804
01112;00801
01114;00787
01113;00766
01107;00772
01101;00814
01098;00851
01100;00876
01101;00898
01104;00918
01110;00925
01111;00954
01115;00983
01123;01008
01127;01009
01130;00970
01130;00940
01130;00921
01133;00890
01129;00865
01126;00849
01126;00820
01121;00798
01115;00768
01112;00753
01107;00761
01105;00762
01106;00750
01105;00746
01105;00739
01105;00741
01103;00747
01104;00759
01105;00785
01106;00824
01117;00871
01131;00904
01135;00939
01139;00975
01147;01020
01156;01050
01166;01078
01170;01093
01175;01099
01183;01070
01180;01012
01172;00966
01172;00938
01179;00908
01183;00880
01185;00874
01190;00872
01198;00876
01210;00877
01216;00891
01221;00910
01229;00935
01237;00951
01242;00967
01244;00979
01241;00980
01238;00968
01237;00951
01233;00935
01233;00920
01234;00930
01237;00931
01255;00920
01272;00894
01286;00855
01300;00808
01307;00771
01308;00747
01310;00729
01319;00693
01325;00637
01327;00594
01310;00572
01291;00564
01279;00572
01270;00596
01267;00618
01269;00634
01265;00658
01256;00685
01252;00709
01246;00731
01243;00746
01243;00763
01248;00754
01252;00747
01269;00727
01292;00695
01307;00656
01312;00639
01322;00644
01342;00641
01351;00631
01356;00613
01353;00620
01352;00623
01336;00630
01312;00643
01291;00661
01282;00663
01265;00655
01244;00644
01238;00644
01239;00651
01239;00663
01229;00683
01222;00720
01216;00766
01224;00785
01222;00813
01224;00848
01226;00903
01224;00962
01212;01021
01202;01049
01194;01098
01187;01118
01182;01128
01169;01154
01162;01188
01151;01229
01142;01254
01141;01251
01139;01243
01142;01252
01153;01226
01158;01220
01163;01227
01170;01242
01188;01229
01204;01182
01205;01146
01214;01117
01232;01103
01252;01108
01269;01110
01285;01107
01295;01096
01290;01080
01279;01080
01265;01099
01265;01093
01248;01098
01226;01095
01198;01109
01173;01112
01157;01087
01152;01049
01163;01006
01178;00972
01189;00961
01197;00978
01213;00982
01236;00989
01267;00964
01294;00940
01314;00944
01327;00943
01326;00957
01326;00950
01342;00902
01362;00841
01376;00796
01378;00746
01370;00700
01359;00669
01355;00648
01351;00646
01363;00636
01369;00650
01367;00664
01360;00674
01355;00678
01357;00676
01368;00671
01386;00665
01398;00642
01410;00619
01422;00594
01443;00565
01468;00547
01489;00527
01509;00514
01517;00513
01519;00512
01521;00499
01527;00494
01530;00494
01533;00501
01532;00496
01515;00491
01504;00490
01492;00487
01497;00474
01506;00461
01513;00457
01519;00472
01524;00483
01527;00486
01526;00486
01538;00493
01551;00501
01568;00507
01580;00530
01582;00544
01587;00546
01587;00520
01591;00503
01595;00491
01602;00487
01605;00489
01603;00500
01595;00513
01587;00512
01582;00507
01568;00510
01558;00530
01545;00551
01534;00566
01527;00569
01521;00561
01513;00550
01514;00542
01510;00529
01504;00527
01503;00525
01503;00523
01510;00520
01515;00525
01507;00533
01495;00539
01485;00550
01481;00544
01489;00546
01500;00540
01505;00548
01502;00560
01494;00557
01482;00552
01481;00554
01477;00569
01468;00586
01452;00604
01428;00624
01406;00643
01393;00650
01383;00650
01371;00663
01359;00672
01350;00672
01347;00656
01348;00621
01344;00596
01340;00569
01341;00558
01345;00543
01349;00537
01351;00538
01353;00548
01356;00561
01358;00569
01352;00594
01344;00624
01341;00644
01327;00651
01306;00674
01289;00674
01276;00662
01270;00644
01257;00632
01243;00644
01240;00646
01238;00647
01234;00654
01234;00660
01238;00652
01243;00660
01249;00679
01251;00699
01254;00706
01258;00686
01257;00667
01259;00641
01263;00613
01273;00595
01290;00582
01310;00563
01325;00537
01330;00512
01325;00499
01327;00496
01332;00500
01334;00512
01330;00531
01319;00544
01303;00563
01281;00572
01266;00578
01263;00581
01270;00585
01273;00603
01272;00624
01275;00632
01277;00637
01280;00653
01288;00655
01291;00658
01292;00663
01293;00663
01291;00657
01282;00638
01277;00613
01273;00601
01271;00589
01271;00576
01267;00572
01265;00580
01266;00582
01263;00595
01265;00595
01266;00592
01264;00599
01260;00614
01259;00622
01256;00627
01252;00628
01248;00619
01243;00607
01238;00590
01234;00589
01241;00607
01251;00621
01261;00616
01274;00618
01290;00616
01302;00620
01312;00632
01326;00646
01342;00655
01351;00665
01354;00657
01356;00631
01353;00622
01347;00617
01338;00616
01332;00610
01331;00604
01328;00602
01324;00613
01324;00621
01324;00640
01333;00677
01357;00705
01378;00722
01395;00730
01411;00729
01420;00733
01425;00732
01427;00718
01431;00703
01437;00691
01432;00672
01416;00653
01402;00640
01394;00625
01388;00620
01393;00607
01397;00600
01395;00589
01398;00577
01398;00555
01397;00534
01396;00515
01396;00491
01394;00478
01381;00465
01365;00457
01352;00463
01352;00480
01345;00503
01336;00536
01331;00563
01326;00602
01318;00650
01317;00675
01323;00688
01324;00692
01323;00680
01314;00670
01302;00668
01296;00682
01290;00707
01285;00713
01281;00709
01271;00705
01261;00704
01253;00715
01249;00726
01250;00723
01252;00712
01251;00678
01250;00636
01248;00590
01246;00556
01244;00554
01244;00557
01247;00561
01246;00570
01242;00594
01246;00607
01255;00619
01262;00634
01271;00652
01281;00660
01290;00662
01295;00663
01301;00656
01308;00646
01315;00639
01320;00638
01319;00650
01316;00673
01312;00705
01309;00736
01309;00750
01314;00761
01318;00773
01318;00788
01322;00798
01331;00796
01334;00776
01337;00738
01344;00698
01352;00665
01360;00652
01363;00643
01367;00641
01378;00641
01387;00646
01386;00652
01395;00649
01404;00651
01406;00651
01405;00645
01402;00630
01394;00622
01385;00622
01373;00600
01357;00573
01344;00563
01338;00573
01329;00585
01324;00594
01316;00601
01307;00600
01305;00603
01305;00596
01305;00612
01312;00621
01317;00632
01309;00623
01306;00598
01308;00575
01313;00563
01319;00561
01326;00561
01328;00564
01328;00575
01324;00606
01329;00618
01340;00638
01356;00674
01372;00701
01375;00728
01377;00755
01385;00772
01398;00793
01419;00774
01439;00738
01454;00720
01464;00711
01463;00711
01459;00723
01466;00730
01479;00725
01485;00717
01490;00708
01480;00732
01470;00759
01458;00776
01448;00770
01450;00751
01453;00717
01444;00698
01433;00694
01424;00697
01416;00704
01410;00721
01405;00744
01402;00774
01400;00826
01392;00894
01386;00978
01398;01017
01398;01046
01396;01078
01394;01104
01402;01082
01402;01061
01400;01029
01395;01008
01391;00979
01387;00929
01375;00906
01370;00885
01368;00860
01363;00847
01347;00856
01335;00854
01324;00868
01321;00858
01317;00828
01309;00807
01301;00804
01295;00820
01291;00843
01292;00837
01291;00845
01295;00869
01300;00883
01297;00904
01293;00950
01293;01006
01298;01045
01302;01063
01300;01066
01294;01065
01296;01040
01298;01003
01295;00965
01293;00942
01291;00927
01290;00919
01290;00913
01288;00895
01286;00876
01284;00870
01279;00880
01279;00894
01284;00913
01290;00905
01299;00884
01309;00847
01319;00812
01336;00793
01365;00781
01383;00770
01395;00758
01404;00739
01414;00725
01427;00726
01438;00731
01447;00733
01445;00736
01437;00746
01422;00744
01425;00737
01440;00717
01458;00699
01468;00680
01472;00665
01472;00653
01474;00646
01490;00641
01507;00633
01522;00628
01525;00624
01513;00632
01497;00646
01486;00673
01481;00686
01477;00682
01464;00686
01450;00688
01436;00690
01417;00716
01414;00747
01417;00785
01413;00820
01411;00828
01398;00837
01383;00864
01374;00888
01361;00912
01350;00921
01339;00907
01319;00893
01307;00851
01299;00803
01291;00779
01290;00768
01299;00754
01309;00731
01321;00699
01327;00675
01336;00662
01350;00645
01358;00647
01360;00654
01360;00652
01356;00635
01349;00608
01336;00596
01326;00587
01316;00585
01311;00580
01304;00581
01298;00603
01304;00624
01311;00632
01313;00651
01312;00678
01319;00702
01325;00718
01333;00735
01339;00748
01343;00751
01347;00724
01349;00700
01354;00683
01372;00664
01395;00654
01410;00636
01421;00624
01424;00610
01421;00597
01416;00591
01405;00601
01393;00615
01382;00628
01364;00635
01339;00632
01320;00627
01301;00628
01291;00630
01289;00642
01295;00654
01306;00671
01318;00674
01324;00688
01333;00702
01344;00722
01351;00746
01358;00771
01366;00794
01372;00804
01369;00807
01365;00797
01360;00801
01360;00791
01356;00790
01351;00785
01350;00782
01349;00771
01344;00755
01344;00737
01352;00733
01354;00730
01357;00726
01362;00727
01381;00712
01396;00687
01408;00664
01423;00645
01439;00625
01452;00610
01456;00593
01470;00586
01485;00578
01495;00572
01502;00566
01522;00561
01543;00555
01568;00549
01590;00546
01610;00539
01640;00531
01662;00512
01688;00489
01709;00464
01726;00459
01733;00475
01740;00485
01737;00487
01732;00487
01724;00500
01712;00514
01708;00526
01699;00544
01689;00558
01671;00563
01652;00554
01638;00549
01630;00554
01625;00552
01616;00553
01605;00547
01588;00552
01574;00560
01568;00572
01566;00582
01563;00597
01557;00605
01548;00625
01540;00656
01537;00674
01540;00690
01547;00685
01561;00676
01558;00667
01542;00661
01525;00653
01509;00650
01489;00630
01466;00614
01443;00608
01413;00610
01381;00627
01338;00646
01310;00661
01296;00678
01287;00677
01281;00680
01279;00697
01282;00716
01290;00729
01298;00733
01307;00736
01319;00731
01330;00735
01344;00731
01355;00742
01370;00750
01387;00754
01405;00741
01421;00733
01440;00733
01448;00714
01455;00707
01457;00695
01458;00699
01457;00715
01452;00738
01445;00742
01431;00741
01414;00738
01394;00732
01387;00739
01379;00739
01375;00740
01372;00723
01371;00688
01363;00647
01355;00621
01348;00624
01344;00624
01339;00627
01335;00645
01331;00661
01328;00677
01323;00697
01320;00729
01320;00760
01321;00795
01323;00822
01328;00853
01337;00864
01348;00860
01362;00856
01377;00822
01388;00790
01390;00771
01389;00756
01395;00737
01404;00714
01410;00688
01418;00668
01419;00651
01410;00645
01397;00667
01389;00687
01389;00680
01389;00668
01386;00658
01379;00652
01372;00638
01366;00633
01359;00639
01360;00636
01360;00636
01360;00637
01362;00654
01365;00664
01367;00674
01373;00679
01381;00682
01382;00678
01383;00661
01388;00644
01392;00620
01392;00606
01391;00602
01388;00609
01383;00618
01378;00627
01372;00640
01364;00658
01363;00678
01366;00696
01371;00718
01381;00733
01386;00730
01389;00729
01399;00719
01410;00710
01419;00700
01432;00690
01440;00683
01441;00683
01440;00694
01437;00704
01440;00725
01446;00736
01447;00756
01447;00764
01450;00777
01468;00782
01490;00779
01508;00772
01534;00749
01558;00737
01573;00728
01570;00733
01568;00722
01561;00716
01556;00706
01533;00714
01505;00723
01483;00741
01460;00765
01442;00762
01430;00731
01439;00697
01447;00667
01451;00648
01445;00641
01443;00631
01436;00630
01428;00620
01414;00619
01396;00636
01382;00665
01367;00677
01353;00698
01349;00707
01356;00708
01361;00706
01371;00689
01390;00673
01411;00650
01426;00627
01434;00610
01438;00612
01454;00604
01468;00599
01468;00594
01477;00590
01486;00598
01481;00615
01476;00634
01480;00636
01491;00623
01497;00604
01497;00593
01497;00594
01503;00595
01500;00603
01495;00622
01492;00622
01488;00630
01490;00645
01496;00664
01502;00675
01508;00688
01513;00697
01522;00714
01531;00710
01532;00703
01538;00701
01548;00688
01555;00689
01561;00713
01574;00747
01576;00758
01563;00754
01543;00751
01527;00750
01517;00743
01509;00742
01499;00740
01478;00728
01449;00688
01417;00647
01393;00633
01385;00631
01379;00630
01370;00649
01361;00667
01352;00670
01345;00672
01349;00675
01362;00684
01375;00689
01396;00681
01408;00672
01414;00663
01424;00653
01437;00648
01452;00634
01460;00616
01458;00610
01449;00623
01433;00639
01408;00651
01391;00659
01380;00667
01369;00664
01356;00662
01340;00681
01328;00711
01332;00720
01337;00701
01341;00686
01345;00679
01344;00678
01344;00680
01343;00700
01348;00695
01346;00684
01338;00668
01318;00668
01299;00685
01290;00695
01289;00711
01287;00736
01285;00753
01286;00753
01272;00767
01265;00775
01262;00786
01265;00809
01264;00850
01260;00883
01251;00900
01244;00918
01240;00944
01236;00974
01240;01006
01244;01045
01248;01080
01251;01095
01261;01053
01260;01028
01257;01013
01255;01009
01250;01012
01246;01018
01241;01033
01237;01043
01233;01048
01229;01057
01225;01102
01230;01142
01238;01176
01253;01182
01266;01172
01281;01148
01298;01102
01312;01069
01322;01049
01329;01034
01332;01025
01340;01014
01341;01004
01341;00994
01344;00986
01347;00973
01346;00983
01346;00996
01351;01004
01362;00993
01370;00958
01380;00926
01401;00896
01417;00882
01427;00876
01427;00891
01425;00900
01421;00895
01412;00883
01399;00896
01392;00931
01380;00970
01358;01010
01339;01037
01325;01046
01319;01036
01315;01008
01314;00989
01317;00975
01322;00962
01326;00962
01327;00953
01330;00942
01333;00935
01338;00930
01347;00923
01357;00937
01372;00952
01394;00969
01405;00969
01412;00936
01424;00909
01437;00885
01449;00861
01460;00845
01465;00836
01465;00822
01462;00811
01449;00799
01450;00810
01448;00846
01452;00871
01464;00883
01479;00891
01484;00893
01486;00903
01497;00906
01506;00913
01510;00918
01511;00922
01522;00930
01524;00951
01518;00972
01507;00998
01496;01028
01489;01053
01479;01088
01476;01116
01480;01135
01490;01127
01491;01090
01485;01045
01481;01009
01477;00974
01481;00950
01489;00935
01501;00917
01505;00901
01502;00893
01495;00883
01489;00885
01492;00887
01493;00888
01493;00883
01490;00871
01484;00863
01476;00861
01474;00848
01480;00829
01485;00822
01493;00837
01507;00856
01525;00871
01548;00880
01571;00877
01582;00858
01595;00836
01598;00832
01604;00836
01612;00839
01618;00818
01620;00781
01629;00743
01620;00715
01610;00704
01611;00716
01615;00728
01627;00740
01636;00743
01645;00745
01656;00749
01665;00764
01656;00795
01664;00817
01683;00824
01699;00829
01708;00819
01727;00802
01743;00775
01740;00759
01735;00768
01731;00781
01729;00789
01732;00814
01729;00863
01720;00880
01706;00912
01681;00941
01664;00987
01664;01010
01671;00987
01670;00952
01670;00913
01658;00873
01636;00820
01616;00788
01617;00753
01623;00716
01622;00679
01626;00653
01622;00655
01618;00677
01620;00708
01626;00735
01647;00758
01678;00775
01685;00783
01678;00793
01670;00797
01660;00809
01651;00825
01644;00833
01628;00834
01611;00818
01595;00801
01575;00790
01567;00789
01574;00780
01580;00768
01578;00753
01578;00726
01598;00695
01656;00656
01714;00631
01749;00616
01769;00604
01781;00597
01775;00600
01770;00607
01769;00615
01768;00629
01757;00655
01718;00686
01674;00706
01645;00701
01632;00685
01628;00656
01645;00625
01663;00588
01675;00557
01684;00541
01685;00523
01681;00506
01686;00498
01697;00505
01721;00511
01750;00517
01749;00537
01746;00569
01753;00585
01764;00586
01770;00573
01756;00568
01736;00567
01712;00580
01675;00612
01641;00646
01632;00656
01620;00676
01594;00703
01560;00737
01537;00784
01534;00830
01534;00882
01540;00912
01539;00924
01525;00941
01513;00959
01517;00957
01544;00969
01583;00988
01620;01002
01674;01007
01705;00992
01723;00980
01752;00972
01788;00957
01818;00949
01842;00950
01862;00929
01891;00874
01930;00813
01952;00762
01989;00738
02042;00729
02084;00730
02121;00736
02148;00759
02169;00785
02182;00817
02175;00860
02162;00904
02145;00939
02134;00951
02112;00943
02110;00928
02113;00885
02111;00823
02105;00751
02099;00694
02094;00667
02077;00650
02064;00626
02055;00607
02056;00593
02026;00584
01975;00602
01930;00632
01889;00670
01854;00697
01821;00699
01796;00697
01771;00698
01736;00700
01696;00713
01672;00709
01659;00708
01650;00697
01637;00673
01608;00640
01568;00614
01522;00590
01464;00569
01406;00546
01345;00512
01284;00493
01220;00469
01161;00448
01109;00434
01067;00426
01034;00434
01011;00444
00997;00458
00991;00470
00989;00473
00987;00478
00988;00495
00989;00516
00990;00543
00991;00565
00992;00562
00991;00553
00990;00549
00989;00548
00989;00559
00988;00556
00986;00547
00982;00540
00977;00529
00971;00524
00966;00524
00959;00535
00954;00532
00948;00522
00940;00512
00936;00513
00932;00509
00932;00498
00932;00477
00931;00459
00931;00449
00932;00431
00932;00416
00934;00406
00938;00387
00937;00362
00933;00347
00924;00333
00915;00324
00905;00312
00895;00299
00888;00276
00879;00262
00870;00249
00858;00243
00852;00240
00852;00226
00853;00217
00856;00214
00859;00206
00858;00194
00854;00188
00846;00177
00835;00167
00823;00155
00809;00147
00792;00142
00776;00127
00760;00109
00744;00097
00731;00088
00721;00085
00715;00084
00710;00082
00707;00082
00705;00081
00701;00087
00697;00100
00693;00113
00690;00124
00687;00133
00684;00129
00683;00129
00682;00128
00680;00128
00678;00123
00676;00119
00676;00117
00675;00118
00675;00112
00675;00113
00674;00121
00673;00127
00672;00130
00670;00132
00670;00141
00669;00148
00670;00144
00670;00139
00670;00137
00670;00126
00671;00119
00671;00115
00671;00117
00672;00120
00673;00121
00673;00115
00673;00118
00672;00121
00671;00126
00671;00137
00672;00138
00673;00137
00674;00136
00674;00138
00677;00137
00679;00137
00681;00140
00683;00144
00685;00145
00687;00145
00687;00151
00688;00159
00689;00161
00691;00163
00690;00165
00688;00166
00687;00161
00686;00154
00686;00147
00686;00138
00686;00134
00685;00129
00684;00124
00681;00114
00681;00104
00680;00095
00678;00091
00677;00086
00675;00084
00673;00085
00672;00078
00671;00066
00670;00058
00669;00058
00668;00061
00667;00069
00667;00073
00666;00079
00664;00083
00662;00087
00660;00096
00657;00109
00656;00113
00654;00118
00654;00117
00653;00115
00651;00110
00650;00103
00650;00098
00651;00091
00651;00087
00651;00085
00650;00089
00651;00087
00651;00090
00651;00096
00652;00109
00653;00117
00654;00125
00656;00134
00657;00134
00660;00135
00663;00136
00665;00139
00668;00135
00670;00122
00672;00114
00673;00125
00674;00130
00674;00137
00674;00171
00674;00200
00674;00227
00675;00255
00674;00279
00673;00295
00673;00291
00673;00273
00674;00259
00674;00241
00675;00206
00674;00173
00672;00140
00671;00104
00671;00077
00671;00064
00670;00065
00670;00065
00670;00068
00669;00073
00668;00074
00667;00071
00667;00075
00667;00080
00667;00081
00667;00086
00665;00089
00664;00094
00663;00093
00661;00099
00660;00109
00659;00117
00658;00117
00656;00119
00654;00124
00653;00123
00653;00119
00653;00115
00654;00116
00655;00111
00655;00107
00654;00101
00655;00095
00656;00085
00657;00075
00657;00072
00656;00075
00655;00078
00654;00090
00654;00101
00654;00103
00654;00105
00654;00112
00653;00123
00653;00134
00653;00140
00652;00142
00652;00137
00652;00124
00652;00135
00651;00147
00649;00157
00648;00161
00647;00171
00647;00190
00647;00203
00647;00207
00647;00213
00647;00215
00647;00192
00647;00175
00647;00162
00647;00154
00648;00139
00649;00113
00650;00096
00651;00091
00652;00092
00652;00102
00653;00111
00654;00109
00655;00109
00655;00114
00654;00129
00655;00155
00654;00190
00653;00227
00653;00258
00651;00283
00650;00304
00649;00333
00649;00362
00648;00377
00648;00384
00647;00369
00648;00342
00647;00303
00646;00267
00647;00231
00648;00200
00647;00174
00648;00146
00648;00125
00646;00102
00642;00094
00638;00091
00635;00094
00633;00096
00631;00105
00629;00112
00628;00109
00627;00103
00627;00096
00628;00105
00629;00127
00630;00146
00630;00167
00631;00185
00633;00200
00632;00215
00631;00233
00629;00247
00627;00258
00625;00259
00624;00237
00624;00220
00624;00189
00622;00162
00620;00135
00619;00109
00618;00088
00617;00080
00617;00075
00616;00070
00615;00070
00613;00067
00611;00076
00611;00088
00610;00098
00609;00105
00608;00109
00608;00110
00608;00114
00607;00118
00606;00120
00606;00125
00606;00128
00605;00124
00605;00126
00604;00130
00603;00134
00602;00137
00601;00135
00600;00146
00600;00160
00600;00166
00600;00162
00601;00162
00602;00153
00603;00143
00605;00138
00606;00140
00607;00142
00608;00131
00609;00121
00610;00118
00611;00127
00610;00140
00609;00156
00609;00171
00609;00191
00609;00205
00610;00226
00610;00251
00610;00275
00611;00283
00612;00291
00613;00298
00615;00306
00616;00309
00616;00300
00617;00290
00617;00288
00617;00290
00617;00290
00618;00292
00619;00290
00619;00284
00620;00275
00621;00276
00622;00284
00623;00300
00624;00301
00625;00285
00626;00271
00626;00270
00626;00264
00626;00251
00625;00247
00624;00236
00623;00216
00623;00196
00623;00179
00622;00170
00620;00157
00619;00132
00617;00115
00616;00115
00615;00132
00614;00157
00614;00184
00613;00197
00610;00206
00609;00212
00608;00214
00607;00222
00607;00226
00606;00219
00606;00191
00607;00157
00605;00127
00604;00113
00605;00110
00605;00106
00604;00109
00603;00113
00603;00127
00603;00142
00602;00156
00600;00166
00599;00180
00598;00194
00596;00199
00596;00210
00595;00226
00594;00244
00594;00252
00592;00253
00592;00259
00591;00271
00591;00281
00590;00287
00590;00293
00591;00297
00592;00291
00593;00280
00593;00270
00595;00265
00596;00251
00597;00240
00597;00224
00598;00210
00597;00194
00597;00176
00596;00161
00596;00153
00595;00143
00594;00138
00594;00141
00594;00146
00595;00143
00596;00130
00598;00121
00599;00111
00600;00109
00602;00107
00605;00110
00606;00132
00607;00158
00607;00182
00607;00214
00607;00243
00607;00270
00607;00289
00607;00294
00605;00292
00604;00285
00603;00260
00604;00236
00604;00219
00605;00199
00606;00182
00607;00162
00608;00147
00609;00137
00610;00141
00612;00146
00613;00156
00613;00157
00614;00149
00614;00134
00614;00123
00613;00116
00613;00113
00613;00116
00614;00106
00613;00104
00612;00113
00613;00123
00613;00133
00614;00146
00614;00160
00614;00193
00613;00215
00613;00234
00613;00249
00613;00255
00612;00249
00610;00237
00609;00223
00608;00207
00608;00196
00607;00164
00607;00141
00606;00125
00606;00112
00606;00103
00606;00101
00609;00122
00610;00143
00611;00157
00610;00171
00610;00194
00610;00225
00609;00256
00607;00288
00605;00316
00603;00328
00600;00317
00598;00302
00595;00288
00594;00276
00593;00259
00592;00233
00592;00205
00593;00180
00595;00158
00596;00140
00596;00120
00595;00112
00596;00115
00595;00117
00594;00114
00594;00118
00594;00123
00592;00127
00590;00131
00588;00140
00587;00153
00585;00164
00584;00165
00585;00163
00586;00161
00588;00156
00591;00151
00595;00149
00601;00147
00607;00142
00614;00144
00622;00148
00628;00179
00634;00209
00640;00242
00644;00271
00648;00297
00651;00315
00655;00325
00658;00331
00659;00328
00662;00333
00664;00326
00665;00319
00666;00306
00667;00296
00668;00284
00668;00276
00669;00273
00670;00269
00672;00261
00673;00245
00675;00218
00676;00194
00679;00176
00680;00162
00681;00149
00682;00134
00683;00119
00685;00109
00686;00104
00687;00105
00687;00131
00688;00157
00688;00183
00689;00197
00690;00212
00691;00231
00691;00244
00690;00248
00689;00250
00689;00240
00689;00212
00689;00189
00689;00165
00688;00150
00688;00127
00689;00100
00690;00081
00691;00082
00692;00094
00693;00106
00694;00104
00695;00100
00696;00108
00697;00125
00699;00155
00699;00186
00699;00217
00699;00229
00700;00229
00700;00240
00699;00256
00699;00270
00699;00271
00699;00274
00699;00272
00699;00270
00700;00261
00701;00259
00702;00258
00702;00249
00702;00244
00703;00237
00703;00230
00703;00212
00703;00193
00703;00175
00703;00163
00703;00158
00703;00159
00704;00162
00706;00163
00707;00160
00708;00161
00710;00158
00711;00151
00711;00143
00712;00146
00711;00170
00710;00200
00709;00227
00708;00256
00707;00286
00706;00309
00705;00334
00705;00357
00704;00368
00705;00366
00705;00342
00706;00311
00706;00283
00705;00256
00705;00228
00704;00207
00703;00181
00702;00161
00701;00157
00699;00159
00698;00165
00696;00163
00696;00162
00695;00160
00695;00157
00695;00148
00695;00145
00696;00146
00697;00144
00696;00138
00696;00145
00696;00161
00696;00167
00696;00174
00696;00184
00695;00206
00694;00225
00694;00236
00694;00240
00696;00243
00697;00222
00698;00197
00697;00180
00697;00162
00698;00144
00699;00117
00698;00096
00698;00083
00697;00080
00696;00080
00695;00085
00695;00089
00696;00088
00697;00089
00698;00095
00699;00116
00700;00141
00700;00169
00700;00199
00700;00227
00699;00256
00697;00284
00697;00311
00695;00336
00695;00347
00695;00339
00695;00317
00695;00291
00696;00260
00697;00226
00698;00189
00700;00158
00701;00126
00702;00102
00703;00090
00703;00084
00703;00080
00702;00074
00701;00073
00701;00077
00701;00090
00700;00099
00700;00109
00700;00114
00700;00114
00700;00112
00701;00118
00701;00124
00700;00128
00700;00134
00699;00133
00699;00133
00698;00138
00697;00139
00697;00142
00696;00147
00696;00150
00696;00169
00697;00183
00697;00187
00698;00188
00698;00185
00699;00175
00699;00171
00700;00167
00700;00164
00700;00162
00700;00145
00701;00128
00701;00120
00701;00131
00702;00149
00701;00175
00701;00196
00701;00214
00702;00228
00701;00248
00700;00270
00700;00298
00699;00320
00700;00320
00700;00320
00700;00317
00700;00314
00700;00307
00701;00296
00701;00272
00701;00247
00701;00215
00701;00188
00702;00162
00702;00137
00702;00110
00703;00086
00703;00070
00702;00071
00702;00075
00703;00077
00704;00082
00704;00090
00704;00097
00703;00103
00704;00112
00704;00120
00705;00123
00705;00118
00706;00113
00706;00110
00707;00104
00707;00097
00708;00094
00707;00093
00706;00090
00705;00102
00704;00135
00704;00169
00703;00198
00702;00225
00699;00243
00698;00259
00697;00268
00697;00281
00698;00292
00696;00284
00695;00258
00694;00235
00692;00211
00690;00197
00689;00201
00688;00211
00686;00232
00683;00240
00681;00247
00679;00254
00678;00257
00677;00254
00675;00267
00674;00277
00674;00283
00674;00283
00673;00287
00673;00297
00674;00298
00673;00293
00672;00295
00672;00298
00672;00283
00672;00261
00671;00236
00670;00207
00668;00170
00667;00138
00667;00113
00666;00098
00666;00086
00666;00080
00666;00079
00666;00080
00666;00080
00667;00083
00667;00088
00667;00089
00668;00097
00668;00103
00668;00102
00668;00093
00668;00083
00669;00072
00669;00065
00669;00062
00669;00056
00670;00050
00670;00046
00670;00046
00670;00077
00671;00107
00672;00129
00673;00153
00673;00180
00674;00196
00675;00215
00675;00237
00676;00256
00676;00272
00677;00263
00677;00265
00677;00278
00677;00288
00677;00288
00678;00298
00678;00306
00679;00311
00680;00315
00681;00313
00682;00304
00683;00286
00683;00262
00684;00257
