015
1.29
PD500-0212
001157 001239 001049
1.11 1.40 1.30
CORE ALPH 2 1ST
19.06.2015
11:17:21
010
10000
05014
1
05000
03978
0150
5000
0055
0422
01947
02039
4
1
1
1
1
0
+00,0
090,4
+07,3
009,7
0
0
0
0
0
000
00000
0
0
000
000
00000
0
0
0
000
00000


0
0
0
00000
000
00000
0
000
000
000
00000
00000
000
000
00000
000
000
00000
000
000
00000
0
0
0
00000
00000
000
000
00,0
000
000
000
00000
000
000
0
0
0
00000
000
00000
000
000
0
0
0
00000
00000
00000
00000
00000
00000
0
0
000
00000
000
0
000
00000
000
0
00000
000000




00000-00000: 
00000-00000: 
00000-00000: 
00000-00000: 
00000-00000: 
00000-00000: 
ALPHITONIA





00000;00000
00000;00000
00000;00000
00000;00000
00000;00000
00000;00000
00000;00000
00000;00000
00000;00000
00000;00000
00000;00000
00000;00000
00000;00000
00000;00000
00000;00000
00000;00001
00000;00001
00000;00001
00000;00001
00000;00001
00000;00001
00000;00006
00000;00012
00000;00017
00000;00023
00000;00030
00000;00041
00000;00053
00000;00063
00000;00075
00000;00089
00000;00098
00000;00107
00000;00118
00000;00130
00000;00151
00000;00172
00000;00190
00000;00213
00000;00233
00000;00251
00000;00270
00000;00288
00000;00304
00001;00317
00002;00322
00004;00323
00004;00328
00007;00320
00010;00311
00011;00309
00012;00316
00014;00315
00016;00316
00016;00312
00015;00313
00015;00313
00015;00314
00012;00327
00010;00350
00010;00363
00011;00363
00009;00355
00008;00349
00007;00350
00007;00343
00006;00339
00006;00334
00005;00327
00004;00304
00003;00286
00001;00273
00000;00275
00000;00275
00000;00273
00000;00267
00000;00261
00000;00248
00000;00230
00000;00220
00000;00211
00000;00208
00000;00204
00000;00202
00000;00196
00000;00199
00000;00206
00000;00216
00000;00228
00000;00239
00000;00245
00000;00238
00000;00226
00000;00218
00000;00218
00000;00235
00000;00280
00005;00363
00015;00465
00037;00522
00065;00559
00089;00615
00112;00676
00132;00758
00151;00845
00171;00914
00189;00944
00204;00927
00213;00880
00214;00883
00214;00900
00221;00918
00233;00926
00243;00907
00248;00866
00252;00824
00256;00787
00261;00764
00265;00746
00268;00726
00268;00713
00266;00686
00263;00663
00267;00638
00280;00626
00291;00628
00301;00639
00311;00655
00320;00683
00329;00704
00341;00730
00348;00764
00351;00820
00352;00885
00352;00960
00356;01031
00362;01064
00368;01056
00370;01031
00370;01011
00368;00993
00372;00991
00376;00985
00379;00971
00383;00932
00383;00895
00386;00882
00387;00899
00389;00922
00392;00958
00397;00997
00406;01004
00419;00985
00431;00983
00444;00993
00462;00989
00473;00995
00486;01012
00507;01027
00534;01004
00554;00956
00557;00921
00552;00912
00541;00914
00528;00927
00513;00934
00503;00920
00493;00901
00484;00866
00471;00852
00462;00853
00466;00889
00481;00915
00505;00908
00526;00878
00540;00854
00552;00844
00565;00834
00573;00849
00576;00879
00580;00912
00588;00910
00597;00878
00606;00860
00616;00860
00639;00851
00652;00852
00649;00859
00646;00864
00643;00848
00639;00834
00636;00826
00630;00850
00620;00881
00613;00904
00604;00931
00607;00939
00619;00931
00624;00906
00627;00895
00634;00883
00638;00887
00641;00890
00651;00886
00666;00881
00684;00877
00708;00870
00744;00856
00773;00847
00789;00845
00798;00835
00808;00800
00821;00746
00827;00686
00839;00629
00844;00580
00855;00542
00859;00524
00865;00521
00879;00512
00905;00513
00933;00509
00948;00517
00972;00521
00999;00510
01032;00500
01071;00485
01102;00460
01127;00426
01148;00404
01157;00383
01168;00390
01183;00403
01200;00408
01214;00403
01214;00391
01203;00377
01172;00383
01141;00390
01125;00386
01126;00373
01124;00349
01128;00302
01122;00272
01103;00269
01103;00272
01105;00296
01122;00316
01150;00340
01186;00349
01213;00348
01229;00349
01210;00381
01195;00412
01192;00445
01171;00463
01145;00464
01126;00460
01119;00443
01102;00433
01070;00430
01038;00432
01030;00428
01019;00428
00991;00425
00973;00430
00957;00448
00930;00461
00890;00479
00849;00516
00817;00554
00800;00571
00799;00566
00788;00562
00767;00562
00740;00573
00713;00590
00702;00607
00702;00634
00708;00650
00716;00667
00717;00689
00708;00728
00711;00772
00719;00823
00738;00857
00769;00854
00792;00849
00796;00830
00787;00799
00776;00761
00760;00746
00742;00736
00728;00718
00719;00679
00695;00652
00661;00662
00638;00675
00629;00705
00642;00743
00672;00773
00728;00762
00781;00730
00807;00697
00831;00674
00855;00644
00897;00608
00939;00563
00960;00525
00965;00490
00957;00467
00928;00455
00894;00453
00886;00441
00878;00435
00878;00435
00858;00434
00822;00451
00792;00451
00783;00440
00786;00427
00791;00423
00796;00430
00811;00448
00828;00466
00827;00491
00828;00503
00843;00497
00862;00497
00865;00511
00852;00528
00839;00545
00828;00546
00808;00542
00783;00530
00771;00507
00760;00500
00727;00509
00694;00519
00681;00505
00678;00491
00680;00477
00691;00466
00715;00463
00731;00459
00755;00460
00782;00447
00819;00429
00862;00400
00892;00392
00911;00380
00921;00373
00920;00379
00894;00390
00884;00402
00869;00417
00844;00439
00817;00456
00787;00483
00753;00514
00725;00554
00713;00578
00708;00584
00722;00562
00742;00541
00740;00524
00743;00518
00748;00520
00765;00523
00813;00510
00857;00485
00909;00466
00959;00454
01001;00460
01023;00470
01062;00465
01100;00450
01167;00416
01224;00374
01261;00352
01295;00326
01318;00311
01332;00312
01359;00317
01392;00315
01424;00303
01428;00291
01399;00301
01361;00314
01323;00325
01295;00350
01251;00369
01204;00379
01153;00386
01110;00391
01069;00406
01053;00433
01047;00450
01047;00477
01036;00492
01017;00500
01008;00512
01000;00520
00974;00531
00941;00541
00923;00561
00910;00568
00894;00570
00893;00554
00907;00541
00921;00527
00944;00501
00969;00489
01008;00478
01046;00470
01088;00465
01138;00458
01178;00452
01204;00453
01222;00473
01244;00509
01253;00544
01272;00557
01297;00562
01330;00571
01360;00564
01385;00549
01391;00542
01389;00538
01376;00520
01346;00491
01328;00462
01299;00450
01270;00441
01205;00444
01126;00468
01032;00490
00958;00500
00886;00511
00822;00517
00773;00518
00720;00525
00672;00543
00625;00563
00603;00561
00591;00537
00596;00527
00621;00525
00655;00523
00682;00529
00717;00542
00767;00537
00814;00515
00849;00486
00899;00466
00956;00451
00994;00441
01029;00433
01046;00427
01093;00413
01129;00399
01141;00416
01150;00441
01159;00467
01154;00482
01144;00498
01149;00505
01150;00511
01150;00506
01118;00501
01088;00486
01067;00470
01034;00455
01005;00458
00982;00470
00951;00486
00909;00502
00861;00526
00828;00555
00808;00594
00787;00635
00770;00657
00765;00658
00773;00633
00775;00613
00779;00589
00782;00580
00786;00573
00792;00572
00802;00564
00811;00548
00818;00548
00820;00555
00809;00579
00799;00602
00796;00622
00808;00618
00817;00608
00821;00597
00824;00591
00838;00579
00852;00562
00867;00560
00899;00552
00927;00547
00949;00546
00962;00561
00987;00568
01024;00565
01053;00571
01074;00588
01090;00610
01105;00621
01109;00618
01120;00609
01113;00597
01100;00578
01057;00568
01002;00576
00940;00584
00875;00583
00816;00574
00772;00555
00729;00546
00687;00544
00667;00556
00659;00579
00662;00591
00682;00582
00697;00562
00719;00535
00749;00509
00766;00512
00765;00526
00756;00524
00751;00510
00735;00488
00730;00463
00716;00448
00724;00443
00719;00463
00704;00481
00690;00475
00692;00460
00689;00452
00689;00435
00691;00423
00695;00420
00693;00426
00680;00426
00679;00410
00689;00394
00714;00378
00731;00373
00757;00372
00771;00383
00782;00383
00795;00384
00816;00372
00839;00360
00865;00349
00885;00340
00893;00348
00898;00354
00899;00365
00895;00365
00888;00374
00871;00384
00847;00402
00830;00420
00808;00446
00787;00464
00760;00468
00743;00458
00737;00435
00743;00424
00750;00416
00758;00415
00776;00406
00793;00403
00809;00399
00819;00404
00831;00419
00838;00439
00843;00461
00870;00485
00924;00503
00994;00495
01031;00489
01035;00472
01044;00449
01046;00435
01037;00417
01032;00409
01024;00407
00983;00406
00925;00399
00852;00402
00810;00406
00794;00422
00779;00430
00759;00431
00748;00432
00734;00424
00723;00412
00722;00394
00714;00389
00715;00395
00713;00407
00713;00415
00705;00431
00711;00448
00719;00462
00731;00484
00739;00509
00743;00536
00770;00525
00778;00516
00775;00504
00773;00496
00766;00478
00755;00456
00738;00439
00716;00438
00698;00434
00691;00419
00668;00437
00648;00454
00639;00466
00640;00471
00642;00485
00646;00505
00651;00528
00658;00529
00674;00511
00686;00494
00689;00478
00706;00460
00733;00455
00751;00463
00767;00470
00775;00483
00789;00489
00818;00486
00863;00489
00896;00494
00932;00497
00953;00496
00964;00486
00980;00471
01001;00448
01019;00416
01039;00386
01043;00382
01024;00394
01006;00415
00973;00438
00949;00451
00931;00469
00906;00477
00885;00502
00883;00526
00887;00536
00890;00531
00899;00512
00898;00491
00909;00466
00914;00455
00904;00445
00904;00436
00900;00417
00893;00410
00885;00413
00882;00415
00858;00420
00857;00419
00850;00429
00852;00425
00869;00414
00882;00407
00892;00392
00900;00366
00895;00341
00878;00333
00868;00332
00842;00334
00824;00328
00800;00329
00762;00333
00725;00340
00697;00352
00670;00366
00653;00375
00648;00377
00646;00370
00640;00361
00636;00351
00631;00353
00623;00366
00614;00378
00605;00397
00599;00419
00588;00440
00574;00447
00570;00454
00594;00466
00619;00485
00627;00493
00647;00484
00660;00478
00670;00458
00678;00429
00685;00405
00688;00402
00687;00406
00679;00416
00666;00415
00666;00416
00657;00424
00658;00426
00654;00451
00646;00478
00640;00498
00635;00507
00626;00507
00609;00494
00592;00487
00593;00480
00609;00480
00615;00483
00626;00476
00634;00474
00639;00478
00650;00466
00662;00461
00672;00469
00686;00474
00697;00476
00690;00474
00692;00475
00698;00464
00707;00444
00720;00423
00731;00426
00744;00444
00755;00460
00756;00480
00760;00498
00763;00524
00761;00554
00759;00593
00766;00637
00773;00678
00771;00705
00770;00700
00783;00686
00799;00673
00806;00666
00819;00662
00844;00642
00873;00626
00883;00613
00900;00607
00926;00605
00938;00611
00941;00624
00952;00628
00962;00628
00973;00612
00981;00598
00978;00585
00982;00558
00982;00524
00967;00507
00962;00506
00960;00495
00947;00500
00930;00511
00913;00521
00900;00533
00878;00541
00874;00550
00871;00556
00869;00546
00860;00525
00852;00505
00846;00479
00839;00447
00829;00430
00802;00424
00781;00416
00747;00423
00709;00437
00688;00447
00682;00462
00676;00484
00669;00504
00667;00529
00672;00531
00684;00529
00699;00524
00708;00506
00718;00485
00735;00470
00738;00455
00754;00440
00765;00434
00776;00427
00785;00430
00789;00428
00781;00432
00789;00446
00802;00458
00814;00468
00833;00476
00849;00471
00883;00455
00915;00431
00932;00417
00939;00409
00971;00397
01002;00389
01014;00393
01014;00398
01027;00393
01040;00411
01041;00434
01034;00459
01035;00471
01034;00479
01013;00476
00991;00462
01001;00439
01007;00422
00980;00429
00936;00425
00895;00420
00854;00414
00820;00412
00800;00413
00782;00429
00766;00447
00721;00468
00677;00483
00657;00480
00643;00471
00627;00459
00625;00453
00623;00458
00621;00451
00626;00451
00626;00452
00632;00454
00636;00464
00632;00478
00630;00495
00633;00511
00642;00520
00656;00508
00660;00503
00656;00490
00662;00478
00671;00466
00687;00451
00708;00445
00732;00442
00755;00435
00769;00432
00785;00431
00814;00432
00854;00441
00866;00456
00886;00469
00885;00480
00882;00481
00885;00462
00897;00435
00901;00414
00901;00400
00891;00389
00857;00392
00837;00390
00807;00382
00798;00376
00790;00371
00762;00393
00719;00420
00689;00441
00657;00462
00636;00472
00637;00471
00647;00457
00652;00454
00652;00461
00655;00484
00663;00501
00670;00522
00663;00537
00661;00559
00654;00570
00648;00577
00641;00598
00636;00619
00633;00635
00629;00638
00625;00626
00625;00617
00638;00609
00656;00598
00671;00606
00685;00612
00705;00613
00728;00609
00749;00595
00774;00570
00804;00563
00823;00558
00830;00571
00825;00583
00817;00594
00804;00609
00783;00608
00760;00604
00743;00601
00734;00617
00728;00615
00732;00607
00727;00587
00724;00567
00733;00541
00745;00514
00759;00510
00782;00505
00801;00504
00801;00494
00796;00489
00794;00483
00804;00475
00815;00470
00812;00487
00804;00498
00795;00515
00782;00524
00769;00537
00758;00546
00743;00570
00729;00597
00719;00626
00708;00647
00712;00654
00723;00659
00729;00634
00748;00611
00786;00578
00828;00550
00859;00531
00883;00516
00912;00499
00927;00484
00925;00468
00928;00456
00948;00457
00944;00469
00920;00487
00891;00499
00871;00485
00879;00464
00872;00438
00884;00412
00887;00401
00883;00394
00874;00402
00881;00401
00884;00399
00899;00399
00912;00411
00903;00428
00909;00451
00906;00473
00928;00484
00947;00489
00952;00475
00945;00468
00953;00458
00962;00447
00971;00448
00965;00455
00952;00459
00943;00463
00938;00463
00934;00466
00933;00479
00954;00483
00968;00482
00942;00485
00928;00474
00944;00446
00950;00422
00947;00403
00935;00388
00924;00377
00940;00367
00944;00358
00922;00368
00922;00379
00909;00392
00882;00410
00856;00436
00842;00457
00829;00476
00816;00490
00778;00502
00734;00512
00722;00503
00714;00501
00709;00513
00717;00527
00738;00535
00767;00538
00806;00531
00822;00528
00833;00522
00841;00527
00842;00538
00841;00536
00853;00518
00852;00505
00841;00491
00813;00485
00776;00489
00754;00498
00746;00524
00739;00549
00722;00575
00706;00607
00682;00651
00655;00696
00635;00720
00624;00737
00617;00745
00607;00750
00599;00739
00599;00715
00612;00687
00623;00661
00628;00637
00632;00612
00636;00604
00635;00595
00629;00590
00630;00574
00624;00567
00614;00571
00593;00585
00570;00592
00551;00577
00548;00559
00547;00543
00546;00530
00545;00531
00552;00535
00564;00544
00580;00551
00610;00542
00643;00533
00678;00538
00703;00541
00721;00545
00753;00546
00793;00526
00829;00507
00860;00473
00891;00437
00902;00416
00913;00394
00924;00379
00934;00377
00958;00363
00975;00356
00987;00359
00986;00363
00974;00378
00961;00391
00960;00403
00952;00413
00951;00412
00951;00398
00933;00393
00904;00389
00869;00387
00853;00388
00850;00395
00846;00404
00839;00404
00841;00409
00842;00416
00843;00433
00857;00444
00870;00459
00876;00470
00881;00472
00886;00451
00891;00429
00897;00422
00902;00416
00904;00421
00902;00425
00885;00425
00882;00418
00884;00417
00880;00437
00868;00460
00858;00477
00847;00496
00834;00510
00825;00520
00811;00510
00802;00502
00796;00491
00779;00493
00765;00476
00764;00476
00760;00484
00757;00485
00757;00489
00751;00484
00748;00503
00757;00521
00760;00547
00769;00552
00778;00560
00771;00569
00771;00573
00783;00571
00785;00562
00782;00574
00787;00583
00777;00600
00779;00597
00796;00591
00787;00598
00792;00595
00802;00594
00794;00592
00799;00593
00815;00577
00819;00545
00828;00518
00828;00511
00818;00524
00839;00545
00855;00565
00852;00580
00860;00605
00862;00641
00843;00665
00829;00698
00829;00725
00830;00747
00824;00742
00807;00717
00792;00711
00790;00710
00781;00697
00772;00664
00778;00641
00790;00632
00780;00624
00759;00621
00751;00630
00750;00640
00742;00638
00737;00634
00737;00631
00740;00638
00755;00637
00775;00612
00801;00584
00841;00549
00878;00516
00909;00488
00951;00459
00992;00438
01016;00419
01046;00399
01067;00389
01078;00392
01093;00400
01106;00406
01107;00415
01094;00424
01077;00430
01066;00415
01061;00408
01053;00398
01058;00387
01049;00386
01039;00393
01040;00400
01055;00394
01081;00387
01113;00376
01131;00382
01149;00392
01168;00406
01178;00421
01200;00413
01217;00399
01221;00382
01211;00376
01208;00384
01193;00394
01182;00398
01175;00394
01168;00388
01145;00398
01121;00417
01098;00426
01076;00448
01060;00478
01046;00496
01036;00495
01027;00494
01026;00496
01020;00491
01029;00471
01033;00472
01036;00484
01042;00488
01044;00481
01040;00471
01037;00476
01031;00494
01018;00519
01008;00554
00999;00585
00992;00588
00996;00576
00986;00565
00970;00561
00957;00580
00950;00626
00953;00667
00959;00694
00959;00697
00951;00700
00944;00708
00934;00751
00947;00782
00972;00793
01001;00777
01008;00740
00999;00697
00991;00661
00991;00637
00992;00625
00986;00627
00971;00610
00965;00593
00969;00581
00962;00572
00976;00557
00996;00551
01024;00547
01042;00553
01068;00551
01105;00529
01145;00502
01169;00484
01176;00470
01188;00463
01194;00458
01202;00458
01201;00465
01207;00464
01215;00462
01205;00472
01186;00486
01172;00505
01152;00541
01136;00553
01122;00564
01122;00558
01109;00549
01115;00539
01112;00540
01114;00555
01118;00565
01126;00567
01147;00550
01149;00555
01148;00553
01137;00565
01141;00569
01123;00587
01114;00589
01111;00562
01115;00539
01119;00520
01112;00514
01108;00514
01101;00533
01088;00541
01066;00555
01036;00559
01001;00578
00970;00607
00937;00643
00894;00668
00864;00689
00851;00701
00829;00724
00812;00744
00804;00778
00804;00813
00806;00853
00807;00907
00817;00903
00831;00898
00835;00894
00846;00892
00860;00869
00874;00859
00888;00829
00902;00801
00919;00763
00943;00693
00946;00682
00940;00681
00929;00672
00908;00670
00894;00664
00882;00666
00870;00664
00852;00669
00832;00671
00803;00688
00787;00685
00779;00676
00782;00671
00788;00658
00791;00648
00797;00624
00797;00602
00800;00571
00804;00552
00812;00535
00824;00529
00839;00523
00849;00519
00868;00523
00869;00528
00869;00528
00870;00532
00868;00543
00874;00533
00872;00516
00867;00511
00861;00504
00855;00494
00842;00489
00849;00477
00853;00475
00849;00469
00855;00461
00853;00465
00869;00477
00882;00482
00906;00490
00915;00509
00911;00513
00907;00532
00922;00546
00934;00554
00934;00557
00931;00574
00921;00616
00930;00635
00916;00651
00912;00660
00916;00681
00904;00703
00882;00714
00875;00715
00884;00716
00891;00694
00902;00639
00886;00601
00884;00572
00886;00536
00897;00498
00913;00461
00913;00441
00909;00424
00890;00422
00880;00421
00862;00428
00849;00433
00833;00444
00822;00467
00807;00477
00801;00480
00807;00473
00813;00470
00822;00454
00830;00446
00840;00451
00856;00460
00879;00463
00896;00466
00906;00478
00903;00486
00902;00490
00907;00504
00915;00531
00917;00551
00899;00556
00885;00560
00862;00575
00842;00580
00823;00586
00813;00590
00790;00607
00763;00627
00744;00631
00724;00645
00723;00666
00714;00704
00705;00772
00706;00858
00705;00932
00711;00989
00717;01032
00721;01068
00718;01110
00725;01132
00717;01170
00711;01209
00703;01217
00693;01223
00683;01242
00672;01251
00662;01251
00646;01260
00634;01280
00617;01292
00612;01260
00606;01209
00599;01154
00591;01094
00584;01035
00580;01009
00590;01024
00607;01030
00631;01039
00657;01067
00680;01127
00696;01195
00720;01273
00751;01322
00765;01370
00772;01396
00767;01382
00757;01373
00738;01354
00717;01330
00697;01318
00685;01309
00665;01269
00634;01253
00621;01232
00613;01187
00601;01181
00596;01179
00593;01169
00588;01154
00584;01113
00582;01064
00576;01018
00572;00970
00568;00931
00559;00954
00564;00999
00566;01012
00561;01051
00559;01101
00565;01135
00563;01178
00571;01236
00579;01309
00587;01384
00594;01470
00599;01457
00606;01452
00626;01407
00643;01382
00657;01382
00675;01370
00685;01362
00691;01348
00701;01313
00713;01253
00721;01266
00731;01278
00737;01284
00751;01238
00765;01180
00778;01121
00791;01057
00807;00989
00825;00937
00845;00872
00868;00798
00885;00741
00894;00720
00904;00726
00930;00731
00970;00734
01018;00729
01051;00718
01088;00699
01117;00695
01135;00706
01148;00711
01154;00717
01150;00740
01117;00805
01068;00858
01014;00907
00972;00964
00918;01039
00878;01084
00845;01103
00821;01143
00807;01180
00808;01195
00842;01151
00916;01090
00970;01030
01012;00969
01054;00905
01084;00881
01107;00882
01127;00859
01145;00829
01150;00794
01132;00784
01071;00817
01030;00851
01007;00880
00985;00897
00969;00898
00952;00877
00933;00844
00922;00805
00910;00800
00900;00836
00896;00851
00886;00890
00878;00937
00870;00994
00862;01044
00866;01091
00872;01148
00866;01192
00858;01205
00849;01163
00839;01131
00828;01087
00821;01040
00819;00970
00815;00916
00807;00875
00801;00827
00800;00790
00802;00752
00807;00737
00813;00738
00823;00742
00837;00742
00857;00754
00876;00752
00893;00744
00914;00737
00939;00726
00963;00722
00984;00713
01008;00690
01027;00674
01043;00658
01042;00644
01032;00631
01017;00625
00989;00637
00960;00657
00932;00680
00912;00689
00903;00689
00894;00670
00877;00657
00860;00654
00857;00668
00856;00689
00860;00701
00866;00711
00872;00712
00873;00724
00862;00750
00840;00779
00816;00803
00799;00824
00782;00837
00774;00843
00764;00851
00757;00843
00743;00854
00733;00888
00730;00919
00730;00964
00737;01031
00743;01061
00749;01067
00752;01062
00758;01058
00768;01070
00774;01072
00777;01049
00776;01011
00780;00958
00785;00885
00786;00829
00792;00802
00803;00801
00807;00797
00803;00810
00806;00822
00815;00823
00818;00869
00826;00900
00830;00923
00831;00943
00831;00945
00827;00929
00832;00895
00837;00844
00841;00797
00839;00773
00848;00712
00848;00680
00850;00647
00858;00612
00873;00583
00878;00554
00877;00557
00871;00565
00861;00574
00848;00570
00826;00564
00807;00551
00793;00542
00776;00547
00747;00557
00729;00587
00720;00611
00716;00630
00719;00638
00724;00652
00733;00676
00747;00713
00762;00739
00785;00746
00813;00740
00835;00716
00849;00684
00860;00655
00874;00638
00883;00623
00897;00605
00916;00569
00926;00540
00943;00521
00947;00505
00955;00490
00961;00495
00962;00498
00955;00497
00957;00488
00948;00475
00932;00460
00924;00456
00900;00470
00880;00496
00857;00528
00842;00555
00833;00585
00824;00627
00813;00677
00809;00742
00799;00813
00792;00853
00787;00887
00786;00927
00789;00956
00787;00947
00787;00936
00790;00914
00788;00914
00782;00916
00783;00931
00784;00970
00789;00985
00791;00971
00789;00979
00787;01027
00789;01068
00788;01112
00791;01124
00795;01148
00800;01140
00803;01124
00800;01153
00798;01224
00806;01272
00807;01285
00813;01317
00821;01356
00825;01408
00826;01470
00827;01551
00828;01662
00836;01736
00842;01787
00842;01832
00855;01873
00864;01885
00874;01885
00886;01900
00899;01921
00911;01927
00929;01908
00933;01864
00938;01809
00946;01763
00946;01758
00942;01761
00934;01762
00931;01718
00932;01616
00922;01557
00910;01465
00908;01421
00907;01399
00905;01375
00904;01328
00898;01302
00898;01261
00892;01243
00881;01265
00881;01239
00878;01255
00877;01247
00871;01226
00870;01204
00871;01166
00879;01120
00881;01102
00887;01105
00897;01088
00898;01100
00903;01094
00904;01106
00911;01112
00914;01129
00913;01184
00912;01224
00916;01252
00924;01247
00931;01225
00939;01191
00944;01168
00954;01149
00964;01143
00971;01127
00976;01100
00980;01078
00984;01047
00985;01023
00987;01019
00993;01012
00999;01016
00999;01022
00999;01021
01003;01032
01011;01022
01021;01029
01034;01047
01044;01079
01050;01129
01060;01181
01075;01204
01102;01202
01119;01198
01129;01196
01138;01208
01142;01204
01137;01194
01135;01163
01129;01106
01116;01044
01103;01002
01076;01000
01058;01012
01055;00990
01052;00966
01052;00963
01052;00963
01044;00985
01044;01017
01043;01071
01041;01121
01042;01148
01033;01158
01019;01163
01003;01161
00985;01145
00978;01115
00987;01078
00995;01043
01007;00991
01006;00946
01003;00904
01007;00865
01012;00854
01015;00858
01014;00869
01019;00901
01018;00916
01007;00907
00986;00895
00976;00891
00964;00898
00951;00903
00933;00907
00919;00924
00911;00924
00898;00947
00878;00998
00869;01107
00868;01227
00870;01322
00873;01389
00876;01433
00881;01469
00882;01476
00882;01499
00882;01484
00881;01487
00879;01475
00888;01441
00902;01412
00911;01401
00928;01419
00951;01440
00976;01477
00994;01516
01009;01562
01035;01558
01056;01506
01059;01463
01056;01428
01058;01381
01054;01348
01062;01296
01061;01263
01056;01244
01057;01236
01046;01253
01035;01324
01034;01389
01037;01425
01031;01428
01015;01413
00982;01424
00962;01398
00952;01353
00935;01309
00922;01292
00918;01252
00907;01222
00886;01219
00879;01265
00888;01291
00890;01314
00891;01379
00890;01407
00888;01435
00886;01426
00880;01376
00874;01336
00876;01279
00872;01223
00862;01177
00861;01127
00865;01061
00859;01036
00853;01005
00847;00991
00846;01002
00845;01003
00842;01026
00841;01040
00845;01056
00859;01062
00861;01035
00864;00997
00875;00955
00885;00924
00886;00914
00892;00899
00897;00880
00901;00865
00899;00863
00885;00885
00881;00913
00880;00955
00882;00994
00891;00986
00897;00958
00905;00939
00936;00903
00957;00868
00966;00846
00978;00827
00988;00840
01002;00831
01014;00816
01024;00821
01039;00836
01047;00825
01022;00829
01005;00839
01004;00849
00997;00852
00986;00833
00972;00807
00956;00787
00936;00787
00916;00793
00901;00810
00897;00817
00888;00818
00877;00803
00866;00811
00865;00817
00864;00843
00865;00855
00871;00847
00884;00814
00901;00773
00920;00738
00950;00710
00971;00682
00988;00632
00998;00611
01004;00583
01003;00581
00999;00588
00988;00614
00970;00663
00950;00727
00923;00798
00912;00870
00902;00929
00895;00962
00891;00993
00890;01003
00887;01030
00886;01067
00885;01098
00885;01120
00884;01117
00880;01104
00877;01110
00878;01126
00879;01140
00879;01153
00883;01134
00883;01085
00882;01043
00882;01015
00882;00984
00885;00973
00889;00961
00888;00968
00891;00961
00898;00974
00907;00991
00924;01029
00958;01039
00983;01035
01005;01035
01027;01019
01044;00996
01061;00938
01073;00908
01083;00879
01086;00864
01079;00862
01056;00878
01034;00901
01015;00925
01007;00939
00998;00959
00992;00994
00986;01039
00979;01071
00978;01071
00979;01031
00977;01010
00980;00990
00981;00955
00974;00933
00974;00903
00976;00869
00978;00813
00994;00751
01000;00711
01004;00695
01017;00648
01026;00598
01032;00592
01028;00609
01022;00618
01008;00614
01001;00614
00983;00624
00964;00665
00952;00718
00939;00800
00925;00867
00916;00904
00914;00911
00912;00918
00912;00945
00909;00974
00910;01012
00915;01006
00911;00961
00906;00901
00904;00887
00910;00844
00915;00805
00918;00779
00923;00759
00925;00731
00931;00696
00930;00685
00938;00691
00939;00695
00942;00669
00940;00675
00939;00690
00939;00682
00937;00666
00936;00651
00926;00639
00923;00631
00918;00638
00918;00653
00918;00653
00918;00653
00915;00643
00916;00640
00919;00642
00926;00652
00928;00686
00930;00679
00928;00650
00931;00612
00934;00593
00934;00572
00935;00556
00932;00556
00931;00565
00924;00569
00931;00564
00939;00597
00945;00657
00949;00753
00957;00844
00967;00941
00978;01032
00990;01090
00997;01124
01007;01154
01010;01163
01015;01173
01022;01190
01028;01181
01031;01161
01035;01144
01039;01132
01046;01153
01056;01194
01068;01244
01083;01291
01092;01321
01103;01299
01114;01274
01125;01254
01141;01269
01160;01274
01183;01269
01201;01292
01215;01338
01227;01384
01235;01433
01246;01510
01258;01582
01267;01650
01272;01671
01271;01688
01267;01690
01265;01652
01267;01564
01266;01495
01272;01434
01268;01404
01262;01379
01261;01338
01255;01308
01248;01288
01241;01290
01242;01285
01237;01293
01230;01306
01223;01327
01230;01290
01239;01249
01241;01228
01248;01249
01261;01272
01277;01271
01284;01298
01288;01358
01301;01440
01314;01453
01318;01480
01312;01528
01307;01560
01301;01551
01286;01528
01271;01527
01261;01496
01253;01442
01242;01357
01235;01329
01229;01345
01224;01329
01207;01323
01203;01301
01211;01287
01210;01276
01210;01287
01217;01284
01229;01272
01239;01252
01238;01200
01236;01161
01255;01121
01275;01080
01277;01061
01282;01027
01278;01002
01275;00980
01258;00982
01229;00990
01210;01007
01202;01020
01186;01049
01160;01100
01148;01136
01142;01164
01135;01172
01127;01201
01126;01210
01134;01221
01138;01248
01138;01288
01147;01308
01156;01324
01160;01335
01164;01345
01175;01350
01183;01337
01190;01324
01195;01302
01208;01237
01222;01158
01244;01083
01270;00999
01286;00926
01307;00878
01326;00850
01347;00815
01373;00798
01408;00794
01430;00788
01445;00801
01466;00819
01479;00847
01490;00877
01492;00899
01492;00904
01486;00921
01469;00918
01442;00922
01420;00990
01408;01037
01371;01061
01337;01091
01316;01113
01301;01117
01284;01126
01268;01145
01263;01179
01257;01188
01249;01130
01235;01089
01232;01076
01238;01050
01242;01057
01243;01072
01248;01091
01257;01082
01266;01065
01279;01031
01303;01009
01321;00982
01333;00955
01330;00939
01323;00886
01319;00846
01319;00792
01326;00740
01327;00690
01322;00675
01313;00695
01309;00715
01307;00743
01305;00773
01310;00807
01309;00824
01300;00864
01281;00923
01274;00971
01274;00993
01264;00982
01244;00960
01225;00938
01211;00909
01194;00890
01183;00896
01176;00908
01167;00920
01153;00920
01130;00963
01114;01052
01112;01158
01113;01244
01110;01335
01110;01395
01122;01437
01130;01441
01136;01408
01137;01388
01142;01341
01150;01290
01157;01238
01168;01193
01190;01125
01206;01066
01212;01011
01221;00976
01227;00961
01235;00951
01236;00939
01239;00888
01241;00822
01239;00767
01225;00726
01209;00702
01189;00670
01176;00640
01167;00616
01160;00603
01166;00593
01172;00594
01171;00598
01168;00593
01167;00592
01171;00595
01181;00616
01181;00620
01185;00625
01192;00620
01197;00621
01200;00644
01207;00669
01211;00701
01211;00726
01207;00744
01198;00760
01186;00808
01176;00861
01164;00920
01153;00954
01137;00964
01126;00965
01119;00960
01119;00960
01123;00972
01131;00994
01143;01015
01156;01025
01177;01017
01199;01025
01219;01037
01234;01074
01253;01120
01266;01187
01278;01225
01284;01256
01287;01257
01290;01257
01281;01266
01271;01296
01271;01353
01266;01398
01258;01449
01253;01479
01249;01522
01249;01548
01245;01573
01234;01621
01230;01651
01218;01659
01200;01628
01191;01600
01189;01577
01189;01554
01198;01555
01205;01580
01212;01627
01219;01669
01226;01732
01240;01794
01258;01847
01273;01896
01284;01918
01287;01947
01287;01940
01291;01926
01303;01903
01323;01832
01340;01761
01361;01695
01374;01699
01394;01700
01419;01697
01459;01648
01513;01595
01570;01508
01587;01421
01577;01401
01564;01393
01551;01386
01547;01316
01540;01224
01530;01139
01513;01096
01475;01094
01429;01115
01440;01116
01473;01080
01513;01029
01541;00978
01569;00941
01595;00922
01616;00906
01621;00888
01621;00836
01616;00797
01592;00778
01560;00767
01533;00749
01507;00727
01468;00725
01428;00721
01398;00716
01376;00710
01353;00708
01332;00704
01307;00713
01283;00733
01258;00762
01242;00781
01246;00769
01252;00757
01254;00748
01253;00744
01258;00757
01261;00765
01264;00755
01274;00740
01284;00717
01294;00710
01288;00718
01279;00737
01260;00750
01252;00750
01258;00732
01283;00725
01319;00722
01346;00719
01366;00715
01389;00715
01425;00719
01472;00688
01526;00666
01586;00650
01624;00649
01628;00654
01619;00663
01601;00669
01589;00683
01569;00688
01536;00683
01490;00695
01441;00691
01381;00703
01341;00724
01312;00741
01286;00763
01276;00776
01266;00799
01264;00833
01270;00864
01276;00907
01286;00960
01301;01005
01341;01005
01368;00986
01384;00956
01389;00940
01395;00916
01388;00891
01376;00901
01364;00894
01349;00890
01328;00893
01272;00902
01233;00929
01214;00941
01197;00963
01181;00993
01174;00994
01172;00967
01176;00928
01177;00887
01172;00842
01173;00822
01172;00803
01166;00802
01163;00790
01165;00772
01169;00767
01160;00767
01147;00806
01146;00821
01142;00832
01139;00835
01145;00840
01153;00841
01158;00813
01148;00784
01128;00769
01123;00772
01131;00764
01129;00765
01133;00762
01145;00747
01149;00737
01138;00739
01132;00774
01145;00811
01161;00819
01160;00793
01150;00751
01148;00727
01142;00722
01134;00729
01132;00722
01140;00705
01148;00691
01149;00675
01143;00673
01152;00684
01158;00725
01154;00768
01152;00793
01145;00819
01141;00857
01149;00874
01151;00871
01151;00858
01160;00845
01194;00831
01219;00811
01238;00785
01258;00756
01279;00717
01295;00677
01306;00666
01326;00662
01350;00658
01370;00660
01360;00661
01346;00651
01340;00641
01335;00647
01325;00661
01320;00661
01329;00658
01323;00666
01320;00676
01314;00679
01319;00680
01333;00680
01352;00674
01371;00652
01408;00620
01437;00588
01443;00550
01455;00502
01451;00471
01458;00456
01455;00459
01456;00463
01446;00481
01431;00500
01408;00519
01383;00536
01359;00554
01341;00582
01330;00600
01308;00613
01282;00612
01254;00601
01240;00575
01230;00560
01217;00568
01204;00583
01201;00602
01192;00624
01178;00659
01172;00688
01169;00693
01179;00710
01184;00729
01179;00739
01176;00736
01184;00723
01201;00701
01233;00657
01276;00595
01322;00538
01359;00512
01381;00501
01400;00492
01425;00482
01443;00454
01472;00434
01490;00427
01499;00435
01484;00452
01462;00467
01451;00463
01438;00436
01423;00406
01409;00381
01402;00377
01385;00380
01363;00382
01347;00381
01333;00381
01317;00376
01304;00381
01299;00397
01292;00417
01278;00438
01262;00459
01243;00477
01219;00494
01188;00511
01166;00525
01148;00544
01123;00571
01099;00598
01081;00629
01069;00658
01055;00685
01039;00697
01026;00698
01018;00702
01012;00699
01013;00694
01025;00679
01041;00658
01054;00629
01064;00609
01072;00590
01082;00594
01091;00605
01096;00620
01100;00641
01103;00651
01110;00655
01107;00670
01106;00687
01123;00686
01146;00689
01155;00702
01157;00721
01160;00719
01165;00711
01166;00721
01161;00759
01180;00784
01204;00789
01217;00798
01232;00796
01255;00776
01271;00758
01284;00755
01306;00750
01327;00736
01342;00694
01347;00661
01347;00643
01357;00624
01366;00608
01371;00588
01398;00553
01410;00535
01421;00523
01432;00506
01456;00497
01479;00485
01500;00474
01507;00468
01512;00475
01515;00490
01504;00505
01515;00491
01538;00478
01551;00473
01552;00486
01554;00513
01553;00536
01547;00551
01534;00549
01536;00541
01545;00538
01548;00547
01528;00560
01522;00573
01515;00571
01500;00544
01497;00520
01506;00509
01513;00509
01516;00516
01511;00528
01510;00544
01522;00550
01523;00554
01524;00549
01527;00561
01529;00578
01524;00595
01529;00616
01528;00622
01531;00629
01521;00621
01495;00614
01469;00606
01447;00625
01425;00667
01391;00705
01355;00739
01320;00749
01294;00755
01267;00755
01255;00762
01240;00781
01227;00798
01214;00792
01205;00751
01199;00709
01193;00669
01182;00643
01170;00636
01159;00629
01141;00634
01135;00638
01130;00650
01128;00663
01121;00694
01120;00722
01126;00749
01136;00788
01133;00809
01135;00827
01152;00817
01166;00796
01184;00766
01206;00763
01227;00763
01248;00766
01263;00762
01276;00742
01296;00724
01321;00710
01348;00717
01378;00720
01395;00732
01398;00719
01407;00694
01418;00659
01439;00624
01466;00589
01474;00564
01487;00530
01481;00511
01464;00512
01457;00495
01477;00471
01494;00468
01502;00478
01494;00491
01480;00509
01490;00525
01493;00551
01498;00548
01504;00532
01506;00531
01495;00548
01491;00554
01484;00554
01482;00548
01493;00534
01510;00516
01533;00499
01567;00487
01613;00472
01638;00468
01652;00454
01673;00426
01696;00394
01726;00368
01739;00355
01734;00345
01716;00339
01689;00346
01656;00359
01638;00359
01638;00356
01623;00370
01598;00390
01577;00413
01560;00440
01540;00473
01529;00502
01523;00516
01515;00538
01510;00550
01488;00574
01463;00593
01444;00608
01407;00626
01373;00640
01343;00661
01307;00672
01271;00686
01230;00701
01193;00734
01165;00749
01140;00749
01120;00742
01112;00738
01104;00739
01102;00722
01097;00713
01088;00727
01092;00729
01107;00721
01126;00702
01149;00695
01176;00696
01186;00707
01197;00705
01204;00704
01218;00692
01245;00663
01277;00643
01288;00617
01303;00617
01308;00628
01305;00638
01314;00625
01312;00613
01329;00601
01337;00609
01326;00617
01310;00614
01303;00626
01283;00621
01272;00595
01263;00565
01258;00549
01273;00539
01280;00536
01285;00530
01296;00533
01295;00542
01305;00540
01317;00535
01324;00546
01333;00565
01335;00591
01332;00609
01328;00618
01326;00629
01329;00626
01342;00615
01340;00608
01343;00619
01352;00630
01359;00637
01369;00630
01372;00624
01371;00634
01377;00651
01379;00669
01372;00677
01363;00684
01353;00686
01335;00679
01320;00666
01305;00657
01294;00651
01274;00647
01242;00632
01227;00625
01223;00632
01216;00640
01217;00637
01230;00648
01241;00663
01258;00675
01281;00682
01303;00682
01330;00678
01345;00656
01363;00634
01382;00615
01404;00610
01418;00591
01422;00574
01426;00554
01429;00543
01446;00526
01473;00507
01500;00508
01514;00514
01535;00517
01553;00506
01555;00495
01553;00482
01552;00467
01541;00454
01532;00445
01527;00432
01511;00426
01495;00416
01468;00417
01426;00428
01404;00453
01411;00468
01423;00495
01438;00506
01444;00519
01429;00529
01430;00526
01451;00517
01483;00495
01521;00475
01536;00458
01533;00463
01521;00465
01507;00475
01496;00483
01504;00489
01502;00502
01481;00520
01455;00544
01424;00551
01411;00539
01406;00512
01406;00495
01401;00480
01389;00459
01374;00447
01364;00440
01350;00427
01338;00417
01333;00430
01325;00461
01316;00493
01300;00520
01285;00538
01280;00558
01271;00569
01259;00571
01262;00574
01264;00568
01270;00570
01290;00567
01307;00570
01324;00562
01334;00552
01342;00538
01346;00538
01360;00542
01363;00554
01364;00571
01367;00560
01362;00542
01360;00517
01357;00497
01364;00495
01364;00508
01362;00513
01352;00519
01342;00519
01327;00530
01305;00547
01283;00571
01261;00592
01239;00617
01217;00632
01197;00629
01184;00631
01178;00618
01177;00603
01187;00590
01204;00586
01218;00597
01232;00619
01241;00626
01256;00617
01281;00612
01300;00611
01311;00630
01312;00655
01306;00678
01302;00689
01304;00669
01305;00638
01300;00612
01297;00606
01299;00599
01313;00605
01322;00613
01331;00619
01340;00618
01347;00616
01354;00628
01364;00633
01392;00656
01418;00669
01415;00691
01408;00690
01411;00670
01420;00636
01428;00604
01425;00597
01412;00605
01394;00630
01368;00644
01340;00663
01332;00668
01329;00676
01323;00689
01331;00711
01343;00730
01359;00722
01381;00695
01409;00659
01439;00627
01460;00613
01481;00607
01498;00603
01518;00601
01518;00612
01512;00627
01526;00631
01535;00634
01525;00639
01515;00647
01517;00636
01508;00629
01499;00616
01485;00603
01477;00577
01472;00547
01446;00549
01426;00567
01428;00574
01425;00577
01418;00575
01412;00575
01407;00579
01409;00584
01408;00596
01409;00610
01413;00610
01408;00594
01395;00587
01388;00572
01382;00574
01384;00578
01383;00590
01382;00599
01379;00603
01370;00612
01356;00625
01350;00638
01349;00663
01357;00695
01370;00701
01363;00708
01356;00716
01345;00723
01344;00721
01347;00704
01356;00703
01359;00726
01359;00732
01363;00717
01358;00712
01349;00707
01343;00698
01332;00696
01318;00696
01326;00696
01350;00664
01367;00614
01382;00571
01374;00553
01361;00554
01361;00560
01360;00569
01364;00578
01365;00591
01352;00605
01330;00619
01313;00642
01300;00657
01299;00667
01301;00675
01303;00675
01305;00664
01307;00645
01306;00619
01316;00590
01322;00583
01334;00581
01351;00587
01374;00586
01397;00582
01410;00571
01437;00567
01469;00564
01499;00564
01501;00578
01503;00581
01506;00568
01503;00552
01491;00541
01483;00529
01488;00531
01481;00533
01463;00536
01449;00552
01439;00557
01423;00574
01403;00604
01384;00630
01366;00654
01355;00682
01334;00695
01312;00713
01290;00719
01270;00717
01262;00708
01275;00694
01292;00684
01302;00687
01307;00697
01312;00688
01331;00685
01353;00669
01386;00671
01408;00682
01419;00724
01414;00763
01408;00773
01408;00777
01409;00782
01405;00812
01406;00844
01399;00885
01376;00916
01369;00934
01374;00931
01367;00929
01363;00929
01356;00926
01365;00913
01381;00885
01374;00856
01372;00825
01371;00798
01371;00777
01363;00769
01365;00796
01358;00862
01371;00905
01393;00910
01392;00905
01399;00886
01403;00870
01412;00865
01414;00861
01420;00834
01429;00764
01441;00662
01435;00587
01405;00557
01387;00546
01380;00550
01383;00547
01385;00538
01393;00526
01395;00531
01392;00551
01386;00570
01385;00595
01381;00623
01373;00648
01364;00668
01349;00690
01330;00710
01324;00726
01323;00732
01313;00749
01307;00799
01308;00832
01314;00844
01316;00856
01317;00870
01319;00882
01327;00898
01321;00916
01309;00942
01311;00941
01315;00900
01305;00863
01297;00847
01313;00817
01316;00802
01317;00795
01347;00790
01390;00769
01424;00752
01448;00745
01470;00747
01492;00754
01515;00762
01531;00772
01587;00750
01651;00719
01674;00689
01670;00682
01667;00675
01670;00694
01682;00727
01689;00746
01692;00754
01687;00760
01654;00782
01614;00807
01587;00842
01579;00883
01601;00925
01606;00938
01610;00916
01639;00897
01670;00877
01708;00857
01745;00853
01794;00855
01825;00865
01845;00877
01821;00881
01805;00894
01782;00927
01761;00966
01773;00985
01758;01017
01727;01029
01687;01050
01663;01035
01672;00983
01700;00927
01709;00888
01720;00865
01718;00848
01682;00842
01661;00821
01649;00818
01626;00808
01596;00829
01545;00875
01516;00928
01522;00946
01509;00935
01488;00911
01467;00898
01461;00898
01458;00904
01472;00897
01495;00886
01513;00878
01522;00874
01525;00888
01549;00911
01570;00948
01587;00999
01588;01051
01595;01076
01604;01107
01604;01119
01604;01135
01602;01135
01600;01141
01591;01184
01593;01225
01605;01270
01647;01260
01670;01229
01667;01193
01671;01186
01678;01166
01676;01156
01664;01131
01655;01062
01646;00993
01639;00899
01598;00859
01570;00848
01576;00843
01578;00816
01578;00791
01572;00762
01568;00738
01586;00716
01626;00696
01671;00682
01723;00661
01768;00645
01811;00636
01845;00624
01860;00601
01876;00580
01895;00566
01906;00577
01878;00588
01829;00608
01776;00635
01733;00641
01684;00637
01640;00647
01611;00663
01590;00691
01571;00711
01558;00705
01556;00693
01544;00688
01532;00689
01512;00722
01492;00761
01479;00789
01470;00817
01484;00827
01498;00836
01493;00871
01497;00915
01532;00956
01567;00987
01600;00989
01627;00988
01651;00976
01667;00948
01659;00930
01651;00935
01646;00957
01629;00967
01597;00982
01579;00992
01585;00967
01593;00953
01606;00961
01624;00984
01632;01010
01629;01022
01632;00997
01651;00953
01670;00890
01677;00840
01650;00851
01645;00843
01626;00832
01609;00832
01618;00828
01640;00817
01652;00809
01643;00827
01623;00860
01606;00884
01604;00876
01588;00884
01579;00874
01569;00850
01544;00826
01518;00809
01501;00818
01492;00836
01498;00862
01512;00896
01515;00932
01516;00958
01546;00981
01580;01002
01614;01026
01653;01044
01673;01035
01701;01001
01726;00955
01761;00895
01792;00859
01814;00824
01815;00814
01814;00821
01826;00828
01848;00826
01864;00853
01883;00893
01910;00919
01910;00953
01938;00968
01964;00997
01997;01003
02032;00977
02037;00935
02033;00901
02025;00858
02005;00818
01965;00802
01935;00783
01887;00773
01847;00755
01801;00763
01742;00793
01694;00841
01639;00879
01606;00895
01587;00893
01585;00872
01591;00843
01585;00834
01572;00830
01560;00817
01576;00793
01611;00755
01653;00732
01699;00724
01734;00743
01749;00760
01760;00777
01797;00766
01840;00745
01881;00715
01891;00700
01878;00700
01860;00707
01829;00716
01791;00717
01763;00728
01734;00743
01690;00756
01652;00774
01617;00802
01587;00836
01568;00864
01551;00876
01546;00866
01554;00840
01564;00808
01560;00785
01557;00779
01557;00779
01548;00788
01535;00796
01525;00806
01515;00818
01510;00840
01505;00879
01494;00917
01493;00956
01495;00982
01500;00995
01504;00995
01513;00981
01523;00964
01531;00957
01530;00971
01525;00980
01522;00998
01517;01014
01512;01022
01504;01035
01506;01056
01513;01083
01520;01097
01549;01068
01584;01007
01639;00935
01684;00873
01727;00825
01768;00803
01797;00776
01812;00748
01821;00722
01831;00698
01819;00711
01795;00734
01746;00777
01704;00807
01670;00818
01636;00808
01605;00810
01583;00810
01559;00800
01527;00795
01498;00788
01475;00797
01458;00802
01442;00816
01422;00831
01404;00849
01393;00863
01393;00880
01411;00896
01444;00901
01474;00898
01509;00873
01557;00844
01602;00811
01662;00775
01717;00759
01764;00744
01803;00718
01824;00707
01828;00720
01827;00726
01821;00741
01807;00759
01808;00776
01806;00781
01812;00768
01824;00763
01832;00758
01841;00743
01852;00716
01874;00708
01888;00721
01901;00729
01910;00730
01912;00740
01901;00752
01893;00760
01894;00765
01899;00776
01905;00779
01893;00767
01897;00731
01897;00693
01878;00656
01842;00636
01808;00625
01775;00601
01731;00585
01687;00573
01637;00578
01600;00593
01563;00604
01524;00622
01502;00646
01490;00666
01484;00678
01486;00688
01500;00687
01526;00670
01543;00648
01565;00626
01592;00616
01624;00608
01652;00599
01682;00581
01715;00559
01746;00539
01762;00534
01762;00540
01784;00544
01814;00543
01832;00538
01831;00528
01824;00511
01810;00493
01785;00486
01760;00477
01737;00472
01719;00467
01704;00466
01680;00462
01647;00466
01637;00470
01636;00477
01628;00498
01633;00505
01631;00513
01633;00509
01629;00504
01617;00491
01604;00493
01601;00499
01592;00513
01586;00530
01597;00534
01601;00542
01614;00557
01627;00571
01647;00582
01659;00589
01681;00587
01722;00572
01761;00553
01786;00533
01801;00522
01828;00510
01843;00486
01854;00461
01868;00442
01887;00430
01902;00415
01904;00414
01913;00407
01913;00399
01918;00383
01913;00365
01909;00362
01913;00361
01915;00355
01912;00351
01912;00356
01904;00362
01894;00370
01900;00374
01904;00375
01915;00376
01950;00380
01979;00390
01973;00407
01959;00430
01936;00451
01917;00455
01900;00454
01879;00454
01855;00463
01827;00481
01779;00498
01741;00516
01748;00522
01760;00519
01791;00495
01842;00474
01868;00465
01896;00466
01934;00447
01963;00427
02011;00398
02037;00364
02035;00332
02039;00305
02027;00297
01986;00300
01950;00310
01917;00316
01880;00342
01845;00364
01794;00392
01761;00411
01743;00439
01716;00467
01686;00499
01659;00514
01652;00506
01645;00500
01634;00496
01620;00515
01615;00516
01622;00526
01624;00530
01632;00534
01647;00527
01669;00538
01673;00566
01682;00589
01699;00596
01728;00587
01769;00580
01778;00572
01790;00566
01803;00569
01814;00577
01816;00593
01821;00613
01828;00624
01840;00649
01849;00664
01822;00692
01821;00714
01815;00733
01817;00738
01829;00739
01834;00706
01849;00649
01874;00614
01895;00585
01900;00573
01924;00563
01953;00560
01961;00562
01953;00570
01926;00580
01909;00604
01880;00646
01833;00688
01785;00711
01751;00727
01719;00723
01686;00722
01676;00700
01671;00674
01675;00654
01683;00647
01696;00639
01712;00633
01722;00637
01715;00643
01691;00662
01661;00681
01633;00722
01610;00764
01585;00805
01557;00823
01531;00822
01512;00808
01491;00788
01484;00767
01483;00754
01485;00741
01490;00729
01496;00717
01504;00693
01508;00680
01510;00691
01525;00686
01547;00681
01560;00682
01572;00681
01583;00690
01594;00672
01596;00661
01619;00655
01646;00663
01674;00667
01679;00698
01682;00735
01693;00746
01700;00752
01708;00750
01707;00773
01713;00799
01699;00824
01687;00829
01670;00817
01659;00793
01646;00771
01633;00775
01624;00779
01615;00773
01615;00771
01616;00765
01624;00754
01633;00757
01635;00781
01635;00812
01637;00837
01641;00855
01642;00878
01644;00890
01646;00877
01644;00870
01629;00878
01615;00894
01612;00911
01613;00927
01617;00922
01617;00922
01624;00924
01636;00929
01634;00941
01632;00942
01635;00954
01639;00938
01640;00894
01635;00859
01629;00850
01627;00849
01624;00850
01620;00870
01626;00897
01632;00914
01635;00901
01635;00920
01639;00962
01648;00988
01664;00999
01667;01005
01663;01005
01659;00978
01658;00945
01666;00926
01675;00921
01687;00926
01699;00945
01710;00966
01718;01000
01746;01016
01772;01004
01782;01014
01780;01042
01772;01070
01763;01085
01750;01048
01732;00973
01708;00895
01676;00808
01639;00729
01600;00679
01576;00629
01559;00576
01536;00517
01509;00472
01484;00454
01460;00461
01442;00465
01425;00472
01404;00491
01381;00497
01360;00497
01337;00488
01323;00490
01314;00485
01304;00485
01296;00495
01287;00514
01281;00534
01278;00554
01278;00577
01279;00606
01280;00643
01282;00675
01282;00718
01287;00752
01291;00761
01295;00773
01301;00781
01306;00793
01310;00829
01316;00857
01320;00892
01325;00936
01328;00979
01330;01036
01334;01106
01338;01163
01338;01218
01343;01269
01348;01292
01349;01312
01351;01301
01355;01279
01355;01254
01354;01252
01353;01240
01351;01225
01350;01212
01348;01179
01345;01135
01339;01102
01336;01090
01331;01082
01330;01074
01331;01013
01325;00952
01320;00902
01321;00853
01318;00822
01312;00817
01309;00819
01309;00837
01309;00858
01308;00882
01307;00904
01306;00932
01305;00951
01301;00965
01299;00966
01295;00972
01294;00951
01290;00906
01286;00859
01283;00796
01280;00756
01277;00731
01277;00711
01276;00694
01274;00676
01273;00661
01272;00661
01273;00664
01269;00668
01266;00672
01260;00667
01256;00644
01253;00625
01247;00605
01241;00597
01236;00576
01230;00557
01222;00549
01216;00524
01207;00505
01199;00478
01189;00450
01176;00414
01164;00382
01155;00338
01148;00290
01141;00245
01135;00196
01128;00167
01123;00128
01120;00102
01118;00087
01118;00084
01117;00079
01115;00082
01112;00083
01109;00087
01106;00099
01105;00119
01104;00148
01103;00179
01103;00196
01102;00201
01102;00208
01102;00224
01103;00247
01103;00272
01104;00293
01105;00294
01105;00298
01106;00304
01107;00316
01107;00331
01106;00343
01104;00347
01103;00344
01101;00327
01099;00295
01097;00263
01093;00228
01089;00188
01085;00159
01083;00136
01081;00117
01080;00101
01079;00087
01078;00080
01077;00079
01077;00084
01076;00094
01076;00103
01075;00102
01075;00098
01074;00096
01073;00106
01072;00124
01069;00142
01067;00164
01064;00183
01063;00193
01062;00211
01062;00234
01062;00254
01062;00275
01063;00279
01064;00276
01066;00275
01068;00268
01070;00252
01071;00234
01072;00213
01074;00198
01075;00188
01075;00174
01076;00155
01076;00138
01077;00122
01077;00112
01078;00120
01079;00130
01080;00141
01083;00140
01085;00138
01088;00139
01092;00148
01096;00158
01100;00165
01103;00173
01107;00167
01109;00180
