041
1.29
PD500-0212
001157 001239 001049
1.11 1.40 1.30
CORE ALPH 3
22.06.2015
11:36:32
010
10000
05014
1
05000
02253
0150
5000
0052
0428
01735
01350
4
1
1
1
1
0
+00,0
089,6
-05,4
006,9
0
0
0
0
0
000
00000
0
0
000
000
00000
0
0
0
000
00000


0
0
0
00000
000
00000
0
000
000
000
00000
00000
000
000
00000
000
000
00000
000
000
00000
0
0
0
00000
00000
000
000
00,0
000
000
000
00000
000
000
0
0
0
00000
000
00000
000
000
0
0
0
00000
00000
00000
00000
00000
00000
0
0
000
00000
000
0
000
00000
000
0
00000
000000




00000-00000: 
00000-00000: 
00000-00000: 
00000-00000: 
00000-00000: 
00000-00000: 
ALPH 3 5TH





00000;00000
00000;00000
00000;00000
00000;00000
00000;00000
00000;00000
00000;00000
00000;00000
00000;00000
00000;00001
00000;00002
00000;00006
00000;00011
00000;00011
00000;00011
00000;00014
00000;00017
00000;00018
00000;00023
00000;00036
00000;00051
00000;00066
00000;00085
00000;00114
00000;00132
00000;00146
00000;00168
00000;00197
00000;00215
00001;00227
00001;00240
00001;00244
00001;00230
00001;00208
00000;00194
00000;00185
00000;00171
00000;00153
00000;00143
00000;00128
00000;00106
00000;00092
00000;00085
00000;00079
00000;00077
00000;00079
00000;00094
00000;00111
00000;00138
00001;00196
00009;00283
00025;00369
00048;00470
00072;00557
00094;00639
00115;00693
00132;00713
00147;00727
00162;00750
00175;00725
00182;00668
00182;00602
00176;00518
00169;00463
00163;00401
00163;00365
00166;00354
00170;00346
00174;00314
00181;00300
00185;00297
00189;00301
00196;00300
00210;00287
00216;00293
00217;00297
00213;00293
00212;00274
00212;00252
00207;00253
00202;00259
00196;00251
00188;00254
00175;00267
00174;00270
00183;00275
00194;00291
00207;00328
00221;00370
00240;00399
00263;00420
00288;00456
00318;00482
00345;00506
00365;00524
00378;00544
00387;00557
00392;00575
00400;00582
00406;00570
00407;00561
00406;00559
00402;00566
00400;00583
00399;00611
00400;00632
00402;00637
00407;00620
00408;00609
00411;00615
00419;00625
00432;00638
00446;00661
00458;00672
00474;00687
00495;00700
00518;00734
00544;00777
00573;00827
00604;00887
00631;00927
00647;00941
00660;00934
00675;00917
00683;00888
00694;00857
00695;00818
00673;00783
00643;00746
00608;00689
00570;00638
00536;00612
00506;00604
00473;00610
00451;00626
00428;00645
00412;00647
00419;00623
00427;00589
00438;00565
00449;00555
00468;00546
00487;00535
00511;00520
00537;00511
00568;00501
00599;00490
00618;00487
00640;00481
00648;00491
00657;00499
00667;00496
00681;00473
00694;00439
00694;00397
00691;00368
00701;00357
00723;00362
00746;00375
00771;00370
00791;00368
00811;00361
00815;00375
00813;00399
00816;00426
00814;00437
00809;00437
00789;00430
00775;00413
00775;00388
00785;00354
00787;00332
00798;00312
00803;00298
00811;00267
00819;00237
00806;00217
00801;00212
00793;00219
00787;00230
00767;00249
00752;00261
00735;00267
00721;00269
00708;00287
00696;00318
00693;00346
00686;00364
00674;00389
00654;00413
00643;00441
00632;00473
00635;00496
00634;00526
00620;00562
00603;00586
00590;00606
00586;00611
00592;00605
00610;00608
00632;00607
00653;00607
00665;00625
00681;00618
00696;00591
00709;00560
00715;00540
00714;00533
00710;00531
00699;00518
00679;00497
00658;00472
00638;00433
00623;00413
00629;00398
00641;00398
00649;00407
00666;00416
00688;00421
00694;00428
00704;00434
00716;00441
00717;00452
00715;00450
00704;00455
00687;00449
00675;00449
00663;00444
00647;00435
00655;00419
00668;00405
00666;00398
00671;00403
00680;00413
00689;00423
00690;00445
00695;00460
00693;00491
00688;00528
00689;00572
00694;00625
00703;00680
00707;00713
00714;00746
00738;00767
00759;00778
00759;00783
00752;00791
00742;00816
00719;00836
00692;00850
00669;00848
00656;00848
00638;00848
00611;00874
00599;00894
00604;00889
00626;00850
00647;00788
00658;00731
00661;00677
00670;00633
00685;00603
00700;00595
00723;00569
00742;00529
00759;00500
00771;00489
00785;00490
00799;00497
00810;00510
00817;00520
00809;00520
00787;00504
00756;00495
00725;00517
00709;00566
00707;00619
00703;00656
00691;00683
00677;00701
00658;00716
00654;00753
00659;00804
00664;00868
00671;00923
00667;00952
00647;00950
00627;00936
00633;00928
00658;00920
00680;00943
00698;00956
00715;00944
00736;00922
00754;00912
00769;00908
00784;00910
00788;00943
00791;00979
00790;00994
00794;00976
00796;00937
00792;00909
00778;00878
00761;00844
00752;00816
00741;00825
00735;00833
00721;00840
00702;00889
00692;00944
00685;01019
00669;01096
00650;01194
00637;01287
00625;01363
00605;01416
00588;01425
00578;01419
00570;01394
00555;01383
00540;01399
00539;01416
00550;01412
00557;01416
00564;01447
00584;01468
00601;01533
00614;01615
00622;01683
00632;01735
00637;01721
00640;01697
00643;01660
00643;01614
00643;01578
00640;01530
00645;01475
00640;01416
00641;01386
00649;01360
00671;01336
00683;01319
00691;01328
00699;01335
00709;01321
00728;01298
00738;01238
00753;01173
00774;01083
00811;00978
00812;00899
00821;00814
00845;00704
00863;00594
00872;00482
00867;00414
00861;00381
00866;00353
00867;00333
00842;00324
00823;00318
00818;00313
00795;00316
00775;00316
00776;00330
00774;00344
00758;00375
00733;00411
00708;00458
00691;00502
00676;00549
00665;00605
00665;00671
00662;00751
00655;00802
00672;00809
00706;00790
00753;00753
00797;00703
00828;00663
00859;00626
00899;00586
00923;00533
00937;00465
00948;00417
00960;00399
00969;00380
00969;00372
00942;00367
00930;00352
00918;00337
00884;00317
00865;00294
00856;00268
00839;00242
00804;00231
00757;00246
00704;00257
00675;00266
00644;00284
00619;00294
00601;00320
00583;00342
00562;00358
00545;00368
00535;00374
00531;00369
00529;00368
00536;00362
00548;00357
00553;00365
00567;00362
00579;00369
00593;00388
00610;00408
00631;00429
00651;00451
00675;00481
00697;00519
00710;00551
00717;00569
00714;00579
00708;00583
00704;00585
00699;00599
00697;00623
00697;00655
00690;00678
00677;00710
00673;00743
00672;00794
00670;00850
00672;00914
00672;00985
00679;01021
00687;01038
00699;01031
00712;01017
00732;00980
00744;00940
00757;00904
00764;00886
00768;00861
00777;00831
00786;00804
00790;00764
00786;00735
00785;00707
00774;00684
00768;00656
00776;00607
00790;00530
00808;00454
00824;00382
00844;00329
00857;00293
00875;00261
00877;00239
00894;00217
00915;00207
00924;00207
00925;00223
00915;00232
00891;00246
00858;00263
00827;00293
00788;00315
00758;00336
00717;00375
00681;00400
00645;00431
00612;00476
00596;00496
00584;00492
00569;00485
00554;00466
00545;00453
00543;00439
00536;00417
00525;00402
00520;00372
00516;00316
00509;00293
00510;00281
00520;00272
00528;00267
00542;00264
00562;00261
00583;00260
00607;00274
00631;00272
00652;00259
00670;00247
00685;00240
00701;00231
00711;00220
00718;00210
00722;00197
00731;00179
00731;00151
00721;00132
00707;00134
00701;00137
00695;00146
00681;00156
00675;00160
00670;00159
00657;00168
00642;00173
00640;00169
00646;00171
00655;00173
00665;00173
00677;00169
00696;00174
00707;00194
00707;00235
00708;00257
00702;00283
00690;00319
00682;00349
00672;00373
00663;00387
00652;00400
00643;00402
00642;00402
00644;00390
00649;00379
00660;00370
00678;00359
00698;00352
00715;00350
00710;00356
00708;00379
00699;00400
00700;00413
00704;00421
00702;00435
00695;00449
00681;00452
00665;00454
00655;00456
00658;00457
00662;00438
00662;00429
00660;00419
00658;00417
00658;00418
00659;00411
00656;00418
00659;00424
00668;00426
00679;00427
00690;00432
00707;00434
00709;00435
00708;00430
00713;00420
00721;00413
00728;00395
00725;00376
00721;00374
00716;00379
00714;00378
00704;00368
00702;00362
00699;00352
00692;00352
00686;00355
00685;00368
00687;00387
00683;00385
00677;00371
00665;00362
00652;00366
00641;00370
00636;00381
00630;00394
00625;00394
00612;00383
00601;00374
00592;00367
00581;00369
00570;00374
00566;00378
00561;00389
00556;00389
00552;00369
00548;00360
00553;00355
00564;00353
00572;00372
00584;00378
00595;00387
00604;00392
00614;00389
00622;00385
00628;00396
00633;00411
00635;00424
00633;00431
00634;00417
00629;00407
00630;00395
00633;00385
00638;00378
00637;00380
00638;00384
00640;00389
00639;00401
00635;00418
00635;00442
00641;00482
00641;00535
00639;00588
00633;00635
00632;00663
00631;00675
00625;00682
00621;00688
00618;00696
00615;00725
00612;00754
00613;00761
00617;00749
00619;00734
00619;00737
00617;00770
00628;00803
00635;00835
00644;00871
00653;00877
00664;00852
00674;00829
00675;00830
00686;00843
00704;00851
00717;00845
00722;00848
00736;00853
00748;00844
00756;00821
00755;00819
00754;00831
00759;00855
00761;00847
00758;00835
00759;00818
00763;00784
00763;00733
00755;00697
00744;00706
00744;00712
00746;00701
00746;00664
00739;00654
00735;00654
00742;00657
00752;00672
00761;00699
00773;00714
00783;00697
00780;00670
00778;00651
00775;00644
00778;00638
00780;00636
00784;00633
00784;00626
00779;00618
00775;00613
00779;00612
00797;00619
00814;00620
00833;00603
00844;00586
00856;00564
00856;00562
00852;00554
00862;00531
00869;00508
00871;00501
00872;00497
00871;00506
00869;00529
00883;00536
00891;00526
00903;00488
00916;00458
00923;00451
00941;00446
00962;00421
00958;00389
00953;00347
00949;00306
00933;00275
00921;00260
00909;00260
00887;00259
00870;00246
00843;00234
00807;00226
00785;00238
00768;00257
00746;00268
00727;00287
00707;00309
00685;00325
00675;00329
00662;00338
00649;00348
00644;00371
00644;00389
00644;00404
00644;00428
00640;00449
00639;00455
00639;00467
00636;00498
00638;00526
00640;00545
00639;00555
00634;00548
00629;00538
00626;00526
00626;00517
00623;00518
00625;00514
00626;00513
00620;00515
00611;00519
00600;00529
00597;00549
00595;00571
00594;00598
00594;00633
00601;00648
00603;00660
00599;00654
00595;00643
00594;00634
00599;00628
00596;00628
00595;00629
00592;00625
00590;00608
00582;00609
00576;00609
00575;00616
00580;00625
00584;00633
00586;00631
00591;00615
00596;00594
00602;00573
00608;00552
00614;00539
00613;00532
00613;00529
00611;00529
00607;00538
00607;00542
00607;00551
00611;00562
00612;00571
00608;00592
00608;00586
00615;00585
00622;00569
00618;00551
00616;00523
00610;00513
00605;00509
00602;00508
00600;00510
00598;00507
00590;00519
00581;00514
00575;00528
00578;00542
00580;00558
00584;00561
00587;00552
00588;00540
00588;00530
00590;00513
00593;00511
00599;00523
00608;00525
00615;00534
00624;00535
00631;00533
00634;00540
00634;00547
00632;00551
00636;00562
00643;00559
00644;00555
00644;00539
00642;00512
00637;00486
00634;00466
00635;00448
00636;00442
00634;00448
00634;00444
00627;00445
00621;00445
00614;00467
00611;00492
00607;00517
00600;00550
00594;00562
00587;00561
00584;00560
00578;00559
00576;00564
00576;00571
00576;00574
00578;00572
00580;00564
00584;00552
00587;00560
00593;00569
00596;00581
00598;00589
00594;00604
00592;00619
00587;00616
00582;00617
00579;00619
00578;00612
00569;00626
00563;00657
00563;00673
00566;00685
00572;00676
00575;00662
00574;00660
00569;00667
00567;00692
00569;00718
00571;00719
00573;00698
00572;00668
00562;00651
00554;00661
00553;00664
00559;00667
00567;00673
00573;00677
00580;00672
00591;00674
00596;00701
00608;00730
00622;00750
00625;00759
00623;00792
00626;00797
00623;00788
00625;00765
00617;00757
00611;00760
00609;00757
00603;00769
00600;00776
00606;00771
00617;00748
00618;00758
00627;00758
00627;00764
00629;00777
00633;00770
00638;00734
00643;00695
00648;00668
00657;00643
00657;00622
00661;00603
00667;00597
00674;00595
00681;00588
00688;00588
00693;00599
00697;00605
00701;00624
00700;00649
00702;00668
00705;00681
00702;00688
00702;00693
00706;00697
00710;00712
00713;00728
00711;00755
00713;00776
00722;00788
00731;00810
00741;00815
00752;00818
00762;00812
00762;00803
00759;00783
00759;00759
00759;00736
00754;00712
00747;00696
00740;00690
00732;00698
00725;00717
00714;00759
00716;00789
00720;00811
00716;00864
00719;00906
00726;00928
00724;00942
00725;00946
00722;00943
00719;00928
00726;00882
00720;00862
00719;00860
00724;00838
00725;00831
00727;00821
00731;00805
00732;00792
00734;00791
00736;00821
00738;00853
00750;00867
00754;00863
00758;00839
00766;00796
00767;00767
00767;00752
00768;00748
00767;00752
00767;00747
00760;00764
00755;00790
00756;00835
00759;00901
00758;00964
00758;01035
00762;01115
00768;01183
00776;01222
00785;01224
00793;01216
00802;01205
00808;01178
00813;01155
00813;01141
00815;01116
00822;01074
00825;01029
00826;01017
00825;01024
00831;01025
00832;01025
00830;01023
00829;01000
00833;00969
00835;00945
00835;00928
00839;00924
00847;00916
00855;00926
00857;00937
00858;00964
00860;00996
00863;01071
00867;01160
00875;01256
00882;01342
00889;01379
00890;01388
00895;01362
00899;01335
00907;01283
00908;01238
00904;01190
00903;01142
00899;01092
00896;01049
00889;01052
00889;01079
00889;01128
00890;01181
00889;01245
00897;01297
00907;01306
00914;01302
00927;01289
00935;01283
00944;01261
00944;01233
00933;01209
00920;01175
00907;01133
00888;01087
00866;01062
00845;01064
00822;01092
00806;01112
00790;01122
00780;01101
00781;01070
00787;01045
00795;01026
00806;01024
00820;01034
00832;01032
00840;01014
00842;00988
00846;00976
00851;00982
00852;00985
00848;01000
00845;01023
00844;01038
00846;01016
00848;00985
00853;00959
00861;00945
00869;00951
00881;00976
00893;01011
00910;01042
00925;01057
00938;01072
00946;01131
00957;01201
00974;01249
00990;01257
00994;01261
00991;01239
00984;01204
00971;01162
00963;01130
00954;01091
00946;01050
00941;01006
00930;00969
00915;00968
00907;00954
00906;00967
00909;01006
00917;01042
00921;01080
00929;01129
00939;01128
00941;01113
00941;01096
00950;01079
00956;01065
00950;01047
00945;01025
00941;01017
00935;01016
00934;01002
00930;01016
00927;01033
00928;01056
00921;01058
00910;01061
00908;01053
00909;01029
00909;00991
00905;00953
00901;00912
00893;00886
00887;00879
00885;00869
00880;00872
00884;00873
00889;00889
00890;00928
00892;00957
00895;00986
00894;01031
00902;01037
00907;01019
00909;00997
00910;00985
00914;00958
00911;00936
00907;00924
00902;00938
00902;00940
00904;00947
00899;00977
00903;01029
00907;01089
00909;01158
00910;01260
00920;01313
00934;01320
00946;01314
00953;01327
00963;01312
00967;01305
00971;01295
00975;01270
00976;01231
00982;01165
00990;01127
00993;01108
00992;01087
00994;01060
00993;01035
00989;01001
00990;00947
00992;00901
01001;00848
01006;00801
01010;00757
01020;00729
01024;00709
01027;00679
01026;00663
01023;00639
01006;00618
00982;00609
00958;00622
00939;00639
00919;00650
00890;00661
00868;00665
00853;00673
00833;00680
00816;00731
00818;00781
00822;00812
00823;00823
00815;00837
00804;00887
00801;00929
00809;00951
00809;00960
00814;00966
00828;00919
00828;00880
00827;00852
00827;00835
00835;00806
00842;00774
00847;00743
00845;00750
00840;00776
00841;00778
00834;00790
00836;00798
00846;00808
00849;00815
00846;00815
00842;00800
00838;00784
00846;00727
00848;00663
00850;00618
00847;00598
00842;00597
00830;00604
00826;00604
00822;00621
00822;00640
00819;00652
00806;00684
00810;00721
00817;00765
00821;00793
00830;00781
00838;00758
00847;00739
00856;00723
00861;00706
00867;00688
00869;00684
00864;00685
00858;00680
00855;00680
00850;00720
00849;00773
00841;00834
00842;00873
00838;00907
00831;00955
00832;00971
00838;00957
00843;00933
00854;00910
00859;00889
00864;00859
00864;00840
00864;00819
00867;00814
00876;00800
00882;00817
00878;00867
00878;00930
00877;00976
00883;00989
00888;00993
00898;00980
00903;00987
00910;00997
00916;01009
00923;01014
00933;00997
00938;00979
00942;00984
00944;01007
00942;01046
00942;01079
00945;01104
00952;01093
00948;01074
00943;01045
00944;01029
00944;01002
00940;00985
00941;00981
00946;00954
00946;00911
00944;00863
00937;00831
00942;00804
00944;00770
00934;00739
00919;00718
00910;00675
00897;00612
00880;00564
00867;00548
00859;00531
00855;00515
00840;00520
00826;00538
00817;00557
00810;00594
00805;00644
00812;00665
00815;00678
00822;00675
00824;00685
00818;00678
00815;00665
00814;00643
00819;00614
00825;00562
00830;00515
00823;00513
00822;00515
00814;00519
00808;00518
00812;00527
00815;00528
00818;00545
00818;00559
00812;00578
00802;00590
00799;00575
00785;00559
00770;00539
00751;00522
00730;00520
00718;00519
00701;00519
00685;00511
00671;00512
00662;00502
00644;00506
00637;00511
00634;00532
00636;00536
00635;00528
00628;00522
00633;00493
00631;00482
00635;00453
00637;00426
00642;00409
00647;00395
00651;00365
00648;00352
00649;00343
00651;00328
00644;00329
00641;00327
00636;00336
00631;00353
00624;00350
00618;00339
00617;00336
00617;00335
00619;00346
00622;00366
00630;00388
00636;00403
00647;00419
00656;00434
00668;00448
00678;00474
00693;00504
00712;00521
00727;00522
00735;00526
00741;00521
00748;00521
00750;00515
00750;00528
00751;00557
00755;00571
00753;00580
00748;00601
00746;00628
00749;00644
00749;00673
00749;00711
00755;00749
00763;00754
00769;00728
00766;00707
00759;00693
00757;00682
00755;00674
00754;00670
00757;00668
00754;00651
00748;00643
00741;00646
00735;00678
00737;00721
00745;00775
00749;00831
00752;00874
00754;00911
00759;00935
00768;00963
00781;00964
00794;00970
00800;00998
00806;01019
00815;01021
00826;01015
00838;01012
00846;01014
00851;01026
00859;01047
00870;01072
00878;01087
00889;01050
00895;01014
00895;00988
00899;00966
00902;00961
00906;00972
00918;00985
00926;00980
00928;00993
00938;01011
00948;01048
00955;01099
00965;01141
00973;01176
00981;01177
00991;01146
00999;01097
01005;01052
01010;01007
01017;00968
01030;00933
01044;00875
01057;00824
01062;00786
01070;00766
01077;00765
01076;00780
01071;00814
01070;00836
01068;00852
01057;00858
01050;00877
01048;00890
01049;00892
01052;00884
01068;00845
01077;00798
01088;00738
01086;00694
01077;00647
01066;00607
01054;00561
01039;00521
01021;00485
01001;00462
00966;00477
00940;00485
00917;00489
00905;00487
00895;00504
00892;00540
00891;00574
00889;00608
00882;00644
00874;00691
00871;00731
00867;00771
00870;00821
00865;00860
00868;00878
00866;00860
00868;00831
00868;00801
00871;00773
00872;00746
00866;00724
00856;00708
00844;00687
00840;00690
00834;00711
00831;00753
00821;00827
00813;00920
00805;01015
00804;01088
00809;01146
00813;01161
00814;01168
00812;01155
00810;01140
00810;01134
00810;01115
00812;01078
00825;01018
00840;00950
00856;00878
00869;00848
00884;00822
00900;00801
00919;00766
00933;00721
00945;00668
00962;00603
00967;00560
00963;00535
00955;00522
00954;00511
00949;00497
00956;00472
00960;00452
00963;00433
00963;00419
00965;00409
00970;00384
00973;00358
00978;00326
00977;00289
00983;00259
00979;00236
00969;00219
00961;00212
00955;00203
00944;00195
00944;00188
00952;00179
00958;00177
00965;00182
00967;00195
00963;00215
00961;00229
00954;00223
00956;00213
00960;00205
00948;00219
00934;00238
00930;00266
00933;00294
00940;00300
00949;00308
00957;00317
00985;00332
01001;00358
01015;00383
01043;00398
01056;00413
01053;00415
01045;00414
01039;00414
01030;00409
01019;00415
01001;00440
00994;00456
00985;00484
00966;00511
00966;00523
00972;00527
00976;00537
00967;00576
00966;00615
00965;00631
00958;00626
00944;00626
00937;00609
00932;00579
00912;00563
00896;00572
00881;00576
00877;00567
00881;00562
00884;00561
00876;00571
00880;00586
00892;00601
00896;00620
00901;00633
00903;00619
00908;00597
00920;00560
00928;00531
00950;00515
00966;00496
00969;00469
00960;00446
00971;00427
00981;00414
00990;00403
01006;00409
01005;00437
00998;00459
00968;00475
00956;00475
00949;00470
00941;00464
00928;00457
00921;00453
00914;00456
00902;00450
00900;00431
00896;00411
00902;00387
00907;00375
00912;00375
00921;00388
00916;00385
00905;00381
00897;00381
00889;00378
00886;00372
00887;00367
00887;00364
00883;00365
00877;00373
00869;00376
00878;00384
00880;00401
00879;00419
00874;00440
00864;00467
00850;00497
00842;00528
00835;00550
00831;00555
00826;00552
00818;00559
00825;00550
00830;00535
00834;00530
00839;00528
00842;00521
00839;00513
00841;00506
00843;00512
00842;00532
00835;00555
00832;00587
00837;00623
00840;00641
00846;00641
00853;00630
00853;00627
00850;00637
00851;00639
00855;00627
00858;00608
00854;00582
00844;00559
00844;00544
00844;00536
00850;00536
00855;00536
00867;00522
00879;00504
00882;00490
00890;00484
00906;00485
00915;00493
00921;00494
00923;00497
00923;00504
00924;00498
00925;00496
00924;00503
00934;00504
00936;00496
00939;00484
00945;00467
00948;00461
00950;00450
00946;00437
00949;00437
00945;00447
00942;00449
00938;00448
00940;00456
00926;00464
00911;00466
00891;00464
00872;00470
00861;00475
00853;00471
00843;00460
00833;00441
00829;00427
00827;00408
00821;00394
00826;00389
00828;00381
00839;00370
00844;00362
00844;00358
00851;00350
00860;00356
00856;00368
00846;00381
00851;00388
00852;00384
00858;00385
00856;00374
00855;00360
00860;00350
00857;00349
00856;00352
00865;00353
00875;00352
00888;00344
00900;00342
00913;00338
00920;00348
00926;00361
00933;00367
00940;00370
00943;00366
00944;00360
00939;00362
00926;00377
00919;00392
00917;00398
00919;00407
00923;00413
00922;00432
00924;00448
00930;00461
00942;00466
00964;00463
00981;00470
01002;00462
01019;00454
01039;00437
01061;00421
01087;00404
01112;00395
01128;00390
01134;00394
01134;00391
01137;00368
01151;00351
01153;00344
01139;00344
01124;00347
01104;00344
01083;00333
01070;00314
01057;00294
01046;00283
01040;00277
01017;00279
01000;00279
00996;00289
00991;00297
00989;00301
00991;00300
00988;00316
00982;00327
00981;00331
00982;00335
00980;00342
00975;00348
00979;00343
00980;00341
00966;00347
00950;00368
00933;00380
00919;00391
00909;00405
00896;00407
00888;00402
00879;00403
00866;00404
00859;00404
00855;00401
00857;00381
00871;00351
00877;00327
00873;00309
00873;00302
00879;00302
00882;00301
00880;00307
00875;00311
00878;00315
00876;00319
00868;00338
00863;00354
00861;00373
00856;00388
00848;00399
00848;00407
00849;00399
00859;00387
00865;00380
00876;00378
00882;00374
00893;00378
00905;00374
00912;00373
00916;00373
00920;00374
00917;00385
00906;00404
00896;00421
00884;00424
00872;00412
00859;00398
00842;00390
00823;00384
00809;00379
00793;00374
00789;00376
00787;00376
00782;00376
00776;00382
00772;00410
00768;00433
00772;00457
00776;00478
00777;00487
00775;00492
00773;00479
00771;00466
00775;00456
00778;00453
00777;00441
00775;00430
00770;00417
00765;00408
00763;00407
00767;00408
00773;00419
00774;00435
00773;00443
00771;00449
00774;00444
00779;00439
00782;00431
00782;00423
00782;00424
00778;00426
00769;00436
00765;00441
00764;00450
00771;00454
00786;00464
00800;00478
00819;00500
00840;00519
00857;00533
00873;00536
00889;00522
00922;00504
00952;00486
00964;00475
00971;00466
00977;00457
00982;00444
00987;00429
00997;00412
01008;00408
01023;00407
01020;00411
01020;00407
01028;00405
01029;00395
01029;00384
01026;00374
01021;00375
01018;00384
01023;00395
01029;00404
01032;00402
01027;00410
01028;00417
01036;00442
01048;00484
01060;00532
01076;00582
01085;00635
01092;00670
01102;00703
01117;00732
01129;00755
01139;00792
01149;00842
01160;00872
01171;00877
01175;00878
01185;00878
01195;00896
01205;00917
01217;00951
01239;00996
01262;01028
01281;01011
01299;00979
01313;00950
01335;00913
01346;00848
01350;00774
01346;00716
01322;00660
01292;00607
01252;00564
01215;00542
01189;00513
01169;00493
01143;00475
01119;00475
01098;00478
01073;00475
01060;00468
01054;00451
01046;00432
01041;00424
01028;00439
01015;00462
00999;00480
00981;00495
00964;00509
00956;00527
00950;00549
00949;00565
00962;00567
00973;00555
00979;00549
00974;00540
00971;00537
00984;00534
00994;00542
01013;00548
01024;00554
01028;00573
01016;00603
00998;00645
00981;00671
00976;00704
00970;00728
00957;00747
00945;00750
00927;00745
00923;00734
00927;00705
00928;00670
00942;00631
00960;00610
00977;00589
00997;00572
01022;00561
01045;00559
01050;00568
01046;00580
01039;00602
01044;00615
01032;00618
01022;00623
01027;00614
01024;00609
01005;00615
00986;00628
00981;00653
00983;00682
00991;00697
01003;00717
01018;00748
01020;00775
01008;00800
01007;00818
01013;00828
01020;00815
01044;00762
01073;00702
01092;00660
01112;00634
01129;00613
01137;00589
01137;00575
01139;00563
01151;00535
01170;00520
01175;00531
01170;00550
01159;00570
01129;00578
01100;00571
01090;00563
01090;00550
01088;00543
01079;00545
01060;00546
01037;00546
01014;00536
00994;00518
00984;00506
00978;00494
00973;00477
00977;00453
00981;00425
00982;00412
00986;00402
00990;00388
00990;00376
00999;00363
01024;00351
01047;00353
01064;00353
01068;00362
01066;00375
01068;00384
01065;00399
01075;00405
01085;00411
01077;00428
01060;00439
01056;00425
01066;00413
01079;00404
01087;00386
01068;00369
01066;00355
01068;00349
01088;00342
01119;00329
01141;00302
01142;00295
01115;00292
01085;00291
01062;00299
01061;00302
01050;00295
01033;00279
01000;00265
00965;00252
00939;00255
00932;00266
00937;00273
00943;00283
00937;00295
00931;00315
00931;00338
00926;00372
00926;00407
00933;00437
00941;00455
00954;00454
00980;00458
01003;00451
01047;00430
01071;00408
01079;00388
01079;00372
01071;00353
01052;00340
01025;00338
00993;00349
00952;00355
00920;00369
00876;00380
00851;00392
00837;00405
00828;00401
00833;00393
00842;00389
00842;00386
00840;00381
00832;00376
00821;00373
00816;00375
00821;00373
00836;00365
00857;00360
00865;00367
00870;00375
00888;00380
00900;00378
00912;00380
00925;00382
00936;00402
00940;00431
00944;00466
00942;00505
00950;00534
00961;00543
00965;00551
00967;00568
00968;00589
00967;00614
00963;00635
00956;00651
00942;00647
00925;00639
00907;00630
00896;00637
00898;00654
00907;00666
00911;00670
00918;00665
00933;00647
00941;00630
00939;00627
00937;00636
00936;00639
00937;00631
00932;00601
00921;00568
00920;00538
00913;00514
00898;00504
00889;00498
00889;00490
00897;00475
00908;00459
00901;00459
00895;00479
00906;00515
00924;00578
00944;00665
00955;00774
00969;00868
00981;00910
00983;00943
00975;00981
00973;00991
00960;00966
00925;00926
00881;00851
00837;00753
00800;00625
00763;00512
00726;00451
00691;00405
00660;00369
00630;00358
00608;00367
00593;00376
00583;00386
00576;00394
00568;00406
00559;00418
00551;00431
00543;00443
00535;00454
00528;00458
00523;00463
00519;00473
00516;00489
00514;00505
00514;00518
00515;00514
00516;00503
00517;00475
00517;00438
00515;00405
00512;00382
00511;00370
00508;00361
00506;00352
00504;00339
00502;00330
00501;00326
00499;00344
00499;00369
00500;00392
00500;00406
00498;00404
00498;00395
00496;00381
00493;00366
00488;00358
00482;00352
00474;00328
00465;00305
00453;00286
00443;00268
00432;00253
00418;00237
00404;00217
00389;00192
00374;00165
00360;00136
00347;00117
00336;00096
00327;00074
00319;00050
00310;00033
00303;00020
00299;00012
00295;00006
00292;00005
00289;00004
00287;00008
00284;00012
00282;00016
00280;00016
00280;00018
00279;00018
00277;00018
00276;00018
00274;00016
00272;00017
00270;00017
00267;00015
00265;00013
00262;00018
00259;00019
00257;00023
00255;00025
00254;00026
00253;00026
00253;00025
00253;00020
00253;00018
00253;00017
00254;00012
00255;00009
00256;00005
00256;00008
00256;00014
00256;00027
00256;00038
00256;00053
00256;00067
00256;00080
00256;00091
00256;00100
00256;00099
00256;00098
00256;00094
00256;00083
00256;00074
00255;00061
00255;00050
00255;00042
00255;00037
00255;00032
00254;00039
00253;00041
00253;00040
00252;00039
00252;00040
00252;00044
00251;00044
00251;00039
00250;00037
00249;00043
00249;00043
00249;00040
00249;00037
00248;00037
00248;00039
00248;00042
00247;00043
00246;00047
00246;00048
00246;00045
00245;00039
00245;00037
00244;00037
00243;00037
00243;00046
00242;00045
00241;00049
00241;00055
00241;00069
00241;00070
00241;00079
00241;00086
00241;00094
00241;00100
00241;00096
00240;00092
00240;00084
00239;00073
00238;00058
00237;00051
00236;00041
00236;00034
00235;00032
00234;00035
00234;00032
00233;00034
00233;00039
00234;00042
00234;00040
00234;00041
00234;00043
00234;00050
00234;00054
00234;00053
00234;00058
00233;00065
00233;00068
00233;00070
00233;00073
00232;00077
00232;00081
00232;00081
00231;00077
00229;00069
00226;00062
00224;00055
00221;00049
00219;00044
00216;00040
00213;00034
00210;00029
00208;00026
00205;00022
00204;00025
00205;00024
