016
1.29
PD500-0212
001157 001239 001049
1.11 1.40 1.30
CORE CAST 1 1ST
19.06.2015
11:47:44
010
10000
05014
1
05002
05002
0150
5000
0053
0386
02276
02986
1
1
1
1
1
0
+00,0
091,6
-01,3
000,0
0
0
0
0
0
000
00000
0
0
000
000
00000
0
0
0
000
00000


0
0
0
00000
000
00000
0
000
000
000
00000
00000
000
000
00000
000
000
00000
000
000
00000
0
0
0
00000
00000
000
000
00,0
000
000
000
00000
000
000
0
0
0
00000
000
00000
000
000
0
0
0
00000
00000
00000
00000
00000
00000
0
0
000
00000
000
0
000
00000
000
0
00000
000000




00000-00000: 
00000-00000: 
00000-00000: 
00000-00000: 
00000-00000: 
00000-00000: 
ALPHITONIA





00000;00005
00000;00005
00000;00005
00000;00005
00000;00005
00000;00005
00000;00007
00000;00007
00000;00009
00000;00007
00000;00012
00000;00028
00000;00036
00000;00048
00002;00061
00006;00075
00011;00092
00016;00097
00021;00096
00024;00097
00026;00098
00026;00102
00028;00107
00032;00110
00035;00106
00034;00100
00030;00087
00026;00097
00024;00110
00026;00131
00031;00148
00033;00131
00031;00118
00027;00105
00022;00100
00021;00103
00026;00112
00031;00109
00031;00108
00027;00099
00026;00090
00030;00106
00037;00119
00046;00133
00055;00140
00056;00135
00050;00129
00045;00134
00045;00136
00049;00136
00054;00137
00055;00143
00055;00152
00051;00162
00045;00178
00047;00211
00055;00246
00063;00283
00069;00322
00072;00368
00074;00414
00076;00447
00080;00482
00086;00520
00094;00561
00102;00606
00109;00651
00116;00693
00123;00743
00128;00789
00134;00841
00140;00916
00143;00991
00145;01065
00145;01112
00144;01139
00141;01146
00136;01120
00133;01060
00131;00982
00123;00904
00111;00817
00100;00725
00090;00634
00080;00555
00071;00485
00060;00443
00052;00456
00046;00514
00041;00593
00044;00676
00054;00754
00069;00839
00088;00922
00116;00977
00147;01014
00166;01043
00184;01045
00200;01037
00214;01025
00231;00997
00246;00962
00256;00912
00263;00854
00260;00830
00256;00820
00261;00807
00267;00787
00274;00745
00282;00701
00284;00670
00287;00653
00291;00648
00296;00652
00301;00652
00306;00659
00313;00664
00318;00687
00325;00723
00331;00752
00338;00773
00347;00784
00359;00775
00375;00753
00388;00737
00391;00727
00392;00718
00395;00710
00398;00702
00400;00702
00405;00701
00408;00702
00407;00728
00402;00761
00397;00796
00402;00834
00411;00851
00422;00850
00433;00829
00441;00802
00444;00791
00448;00799
00455;00794
00462;00799
00472;00803
00488;00795
00500;00798
00512;00806
00522;00823
00530;00846
00541;00859
00551;00847
00558;00827
00569;00799
00580;00770
00588;00746
00595;00737
00601;00735
00603;00744
00591;00753
00576;00749
00562;00763
00548;00807
00534;00869
00522;00926
00509;00961
00496;00968
00483;00972
00476;00954
00488;00934
00503;00926
00520;00918
00539;00895
00556;00854
00555;00823
00550;00807
00546;00812
00542;00818
00537;00844
00531;00876
00524;00901
00516;00895
00505;00882
00497;00881
00508;00871
00527;00867
00541;00861
00551;00856
00557;00849
00563;00825
00568;00809
00562;00816
00550;00836
00533;00861
00510;00886
00485;00900
00466;00906
00449;00905
00436;00890
00425;00888
00416;00892
00419;00915
00430;00935
00443;00939
00454;00937
00462;00931
00471;00930
00482;00934
00488;00949
00491;00960
00493;00964
00493;00938
00492;00893
00486;00856
00477;00833
00472;00832
00467;00840
00463;00845
00463;00852
00455;00859
00444;00865
00433;00874
00420;00898
00412;00932
00408;00961
00402;00970
00394;00984
00388;00988
00385;00971
00392;00957
00402;00943
00413;00951
00423;00964
00431;00965
00439;00945
00444;00931
00449;00919
00453;00930
00454;00963
00454;00994
00455;01017
00457;01000
00458;00954
00458;00907
00459;00883
00461;00866
00462;00855
00461;00837
00459;00825
00456;00816
00454;00834
00449;00882
00448;00959
00451;01029
00454;01106
00462;01177
00476;01217
00491;01225
00504;01199
00515;01164
00518;01109
00514;01064
00508;01009
00501;00964
00496;00916
00493;00873
00492;00843
00489;00845
00484;00861
00476;00885
00474;00905
00482;00904
00491;00888
00505;00866
00514;00841
00518;00810
00518;00794
00514;00781
00512;00782
00515;00784
00517;00795
00512;00804
00503;00824
00491;00845
00477;00882
00467;00930
00458;00959
00451;00979
00444;00966
00434;00950
00428;00933
00430;00941
00438;00950
00446;00956
00455;00949
00465;00935
00476;00925
00485;00913
00494;00937
00506;00968
00520;00985
00530;00958
00531;00924
00529;00885
00520;00848
00507;00812
00492;00800
00480;00795
00471;00783
00459;00764
00447;00771
00438;00794
00439;00844
00449;00902
00468;00979
00491;01034
00510;01066
00529;01095
00551;01103
00575;01098
00599;01076
00618;01072
00632;01056
00637;01035
00639;00999
00641;00982
00644;00970
00646;00949
00645;00940
00643;00953
00643;00965
00644;00959
00645;00939
00647;00909
00648;00868
00641;00830
00637;00815
00637;00820
00639;00836
00642;00840
00640;00845
00636;00847
00632;00861
00623;00910
00622;00981
00631;01045
00639;01086
00645;01097
00646;01084
00644;01075
00646;01066
00651;01077
00661;01114
00679;01129
00695;01119
00706;01113
00717;01100
00728;01095
00739;01106
00751;01124
00765;01151
00776;01146
00785;01109
00790;01059
00788;01021
00783;00980
00780;00962
00777;00962
00782;00978
00785;00975
00785;00963
00787;00968
00789;00991
00794;01033
00807;01080
00824;01128
00843;01146
00850;01137
00851;01101
00853;01071
00859;01051
00865;01043
00870;01054
00873;01051
00870;01030
00863;01018
00855;01023
00861;01033
00863;01045
00859;01077
00855;01117
00852;01129
00852;01101
00847;01072
00847;01060
00855;01026
00858;00996
00853;00976
00848;00974
00847;00956
00845;00931
00839;00925
00834;00929
00833;00938
00818;00946
00794;00971
00774;00977
00758;00981
00750;00974
00746;00961
00742;00940
00740;00922
00736;00931
00734;00945
00746;00949
00764;00936
00780;00932
00792;00926
00800;00927
00806;00944
00816;00970
00832;00982
00839;00973
00846;00950
00853;00917
00857;00885
00865;00872
00875;00871
00881;00877
00882;00857
00877;00841
00864;00837
00855;00843
00846;00868
00838;00906
00832;00951
00824;00973
00814;00982
00808;00977
00804;00981
00805;00976
00804;00974
00810;00983
00815;00975
00820;00957
00821;00948
00824;00937
00831;00927
00838;00923
00844;00920
00849;00912
00853;00896
00853;00857
00850;00822
00850;00797
00853;00763
00851;00756
00846;00756
00837;00747
00822;00746
00804;00759
00789;00791
00781;00820
00777;00859
00769;00895
00762;00929
00754;00937
00748;00939
00744;00943
00747;00935
00754;00911
00759;00879
00764;00874
00769;00877
00773;00867
00777;00850
00781;00844
00784;00847
00790;00864
00799;00901
00805;00944
00807;00969
00805;00964
00803;00933
00803;00914
00804;00896
00803;00888
00802;00885
00799;00888
00799;00886
00803;00884
00811;00898
00818;00902
00823;00922
00827;00942
00829;00973
00832;00991
00836;00998
00841;00989
00842;00962
00837;00916
00831;00862
00824;00846
00815;00840
00806;00834
00800;00827
00796;00822
00793;00818
00788;00815
00784;00838
00784;00881
00785;00916
00791;00927
00802;00909
00811;00886
00814;00860
00816;00832
00818;00814
00822;00813
00820;00812
00816;00812
00813;00827
00808;00829
00802;00860
00795;00908
00794;00973
00794;01039
00794;01085
00793;01106
00798;01104
00802;01075
00805;01043
00807;01041
00811;01037
00815;01012
00816;00966
00814;00924
00812;00897
00811;00875
00809;00861
00809;00862
00808;00855
00805;00831
00799;00793
00792;00769
00789;00750
00788;00735
00786;00721
00782;00715
00777;00712
00774;00730
00774;00763
00778;00786
00784;00819
00790;00851
00792;00899
00797;00939
00807;00968
00818;00994
00833;01010
00846;01002
00858;00985
00869;00987
00878;01003
00893;01005
00909;00988
00919;00970
00926;00956
00932;00941
00931;00940
00930;00952
00927;00960
00922;00967
00918;00934
00911;00907
00904;00883
00903;00873
00901;00884
00901;00903
00904;00921
00905;00937
00906;00958
00909;00970
00914;01006
00918;01045
00922;01090
00923;01112
00917;01116
00907;01102
00897;01066
00889;01023
00885;00988
00881;00973
00879;00977
00875;00978
00866;00961
00855;00937
00846;00905
00841;00885
00836;00897
00830;00919
00824;00936
00814;00922
00801;00876
00788;00824
00777;00784
00770;00780
00769;00820
00772;00846
00775;00864
00779;00871
00779;00868
00779;00874
00779;00894
00783;00940
00788;01009
00798;01055
00806;01068
00815;01072
00824;01056
00830;01044
00837;01037
00845;01035
00854;01049
00860;01053
00866;01044
00866;01036
00864;01029
00863;01032
00860;01043
00857;01065
00855;01076
00853;01081
00856;01063
00859;01025
00857;00970
00852;00925
00846;00892
00839;00876
00832;00869
00831;00858
00833;00859
00839;00870
00841;00886
00842;00918
00845;00946
00848;00957
00847;00949
00842;00939
00840;00932
00836;00903
00829;00877
00822;00857
00815;00854
00808;00832
00798;00812
00793;00809
00795;00821
00801;00838
00810;00848
00820;00878
00828;00892
00830;00887
00829;00866
00830;00849
00838;00835
00846;00813
00847;00788
00847;00762
00842;00741
00835;00723
00824;00734
00820;00755
00820;00759
00816;00770
00803;00793
00790;00821
00783;00841
00779;00843
00774;00856
00774;00846
00779;00822
00781;00802
00783;00815
00790;00834
00804;00848
00814;00858
00823;00870
00830;00896
00839;00909
00847;00939
00852;00965
00856;00989
00862;00993
00864;00973
00864;00949
00872;00930
00879;00923
00887;00926
00894;00931
00900;00950
00912;00966
00923;00975
00934;00992
00945;01035
00956;01074
00962;01112
00973;01139
00979;01153
00981;01161
00986;01134
00990;01109
00997;01090
00993;01091
00987;01091
00984;01099
00979;01097
00969;01095
00969;01100
00975;01105
00970;01125
00958;01150
00946;01174
00942;01170
00940;01144
00940;01115
00945;01086
00951;01057
00953;01029
00951;01009
00957;01009
00965;01011
00974;01007
00982;00990
00992;00980
00999;00981
00998;00992
00996;01016
00995;01013
00993;01004
00988;00967
00989;00924
00989;00882
00992;00884
00996;00906
00998;00927
01010;00939
01021;00929
01030;00937
01040;00950
01050;00979
01060;01005
01072;01024
01076;01016
01075;00994
01075;00962
01071;00929
01069;00905
01067;00892
01063;00878
01058;00876
01053;00890
01045;00926
01043;00952
01047;00963
01048;00978
01047;01006
01051;01047
01059;01076
01072;01092
01079;01083
01082;01047
01080;00994
01076;00973
01071;00987
01070;00992
01068;00988
01061;00976
01054;00970
01045;00979
01045;00994
01047;01018
01051;01051
01060;01070
01069;01065
01075;01055
01083;01049
01097;01033
01110;01025
01116;01008
01121;00996
01120;00998
01115;00984
01105;00960
01097;00954
01097;00976
01099;01004
01096;01046
01094;01067
01094;01096
01095;01094
01106;01080
01121;01072
01134;01077
01148;01087
01156;01079
01158;01066
01155;01033
01150;01003
01147;00986
01144;01002
01137;01023
01132;01050
01130;01067
01126;01063
01122;01043
01119;01019
01118;01011
01123;01034
01127;01042
01129;01051
01129;01070
01131;01092
01138;01102
01138;01110
01137;01153
01142;01213
01145;01255
01143;01274
01139;01295
01140;01277
01141;01230
01135;01169
01120;01125
01107;01120
01096;01104
01080;01069
01062;01025
01046;00975
01032;00938
01018;00946
01004;00952
00987;00975
00976;01002
00974;00995
00973;00962
00968;00924
00957;00909
00943;00912
00927;00905
00911;00909
00897;00951
00890;00982
00881;01012
00867;01055
00852;01130
00848;01199
00850;01275
00856;01321
00862;01364
00864;01360
00866;01330
00870;01295
00872;01250
00871;01223
00869;01192
00865;01176
00862;01135
00856;01100
00849;01075
00846;01078
00843;01074
00835;01083
00833;01103
00833;01101
00831;01065
00828;01024
00824;00995
00824;00989
00827;00972
00829;00965
00830;00973
00834;00971
00835;00956
00833;00926
00833;00931
00833;00947
00834;00978
00837;00981
00837;00979
00837;00969
00840;00945
00839;00917
00833;00894
00825;00910
00820;00928
00819;00925
00819;00905
00812;00899
00803;00909
00793;00927
00782;00959
00775;00998
00777;01033
00781;01040
00781;01015
00777;00999
00774;00991
00778;00995
00787;00999
00793;00986
00792;00988
00794;00987
00793;00988
00792;00985
00785;01005
00776;01024
00768;01059
00759;01085
00753;01103
00752;01109
00750;01071
00743;01037
00738;01011
00738;01012
00748;01008
00753;01007
00754;00978
00752;00952
00748;00939
00747;00947
00751;00988
00757;01015
00758;01034
00757;01043
00760;01043
00775;01043
00795;01052
00817;01062
00837;01072
00852;01069
00861;01062
00869;01071
00880;01094
00890;01108
00887;01152
00876;01192
00865;01234
00853;01274
00843;01310
00835;01330
00833;01323
00833;01298
00832;01261
00829;01247
00835;01227
00844;01217
00854;01198
00862;01172
00861;01159
00864;01179
00876;01205
00887;01224
00896;01240
00898;01235
00900;01196
00902;01147
00902;01108
00907;01088
00919;01060
00927;01026
00926;01010
00917;01012
00909;01019
00914;01016
00924;01014
00930;01009
00930;01005
00926;00998
00924;00984
00927;00958
00923;00931
00920;00906
00918;00878
00917;00863
00913;00885
00911;00932
00918;00982
00928;01013
00933;01036
00934;01057
00944;01086
00964;01118
00991;01147
01014;01162
01027;01148
01034;01108
01041;01060
01047;01024
01050;01012
01061;01007
01071;00998
01054;00984
01031;00983
01008;00980
00989;00998
00979;01024
00967;01042
00952;01082
00945;01127
00939;01139
00934;01125
00948;01096
00965;01056
00977;01030
00993;01011
01006;01008
01027;01014
01052;00980
01069;00930
01079;00918
01093;00934
01117;00978
01141;01024
01162;01066
01187;01083
01217;01065
01216;01039
01196;01025
01181;00995
01161;00969
01132;00961
01100;00956
01066;00948
01037;00934
01005;00950
00968;00992
00948;01028
00947;01071
00949;01145
00962;01206
00981;01231
01005;01233
01029;01224
01051;01230
01074;01244
01096;01247
01127;01266
01160;01231
01156;01161
01146;01111
01132;01094
01110;01093
01087;01099
01065;01093
01043;01054
01025;01008
01009;00954
00988;00953
01001;00961
01011;00966
01021;00987
01035;01021
01062;01046
01105;01013
01132;01001
01145;01004
01151;01037
01152;01071
01156;01111
01172;01116
01188;01080
01197;01006
01180;00950
01142;00949
01117;00955
01103;00970
01099;00959
01099;00919
01087;00884
01076;00880
01076;00885
01072;00910
01077;00938
01087;00973
01099;00981
01120;00967
01139;00950
01162;00954
01189;00939
01208;00895
01207;00868
01204;00856
01208;00845
01208;00841
01210;00849
01202;00866
01190;00910
01180;00970
01174;01061
01177;01136
01172;01145
01159;01128
01143;01099
01129;01062
01115;01035
01115;01005
01117;00943
01105;00870
01092;00773
01076;00711
01063;00705
01057;00712
01050;00726
01042;00739
01032;00737
01012;00723
00982;00715
00959;00702
00934;00707
00912;00731
00898;00758
00893;00772
00894;00782
00904;00802
00918;00831
00928;00863
00941;00899
00958;00929
00975;00943
00983;00952
00994;00969
01004;00970
01011;00931
01003;00885
00998;00853
00990;00847
00985;00843
00979;00847
00979;00833
00981;00794
00976;00736
00967;00711
00954;00738
00950;00765
00941;00764
00938;00731
00934;00697
00932;00674
00925;00679
00918;00708
00915;00734
00916;00750
00921;00756
00928;00767
00937;00788
00942;00825
00955;00849
00964;00879
00971;00893
00981;00894
00998;00906
01017;00894
01026;00878
01036;00866
01054;00870
01088;00881
01119;00874
01126;00849
01123;00835
01113;00838
01101;00835
01087;00857
01083;00889
01084;00910
01084;00921
01067;00912
01041;00937
01041;00953
01049;00968
01065;00991
01087;00998
01093;00995
01082;00983
01061;00960
01037;00946
01017;00950
01004;00966
00994;00997
00987;01010
00972;01008
00949;01034
00956;01024
00978;01005
00994;00992
00999;00981
01003;00983
01008;00988
01014;00982
01023;00977
01032;00963
01039;00920
01026;00913
01006;00923
01000;00943
00998;00955
00993;00929
00985;00885
00980;00855
00973;00831
00967;00818
00959;00821
00958;00834
00971;00832
00980;00820
00981;00814
00987;00822
00994;00837
00996;00847
00994;00875
00993;00898
00996;00921
01003;00924
01002;00923
01000;00922
01014;00921
01028;00938
01045;00930
01065;00904
01078;00873
01089;00835
01103;00798
01113;00778
01117;00776
01119;00780
01110;00757
01090;00713
01061;00683
01029;00671
01001;00658
00983;00661
00970;00670
00971;00659
00959;00646
00951;00624
00949;00622
00961;00623
00971;00632
00975;00635
00981;00643
00984;00635
00975;00632
00955;00638
00958;00637
00960;00637
00955;00643
00949;00667
00951;00690
00960;00711
00969;00717
00976;00733
00989;00735
00996;00751
00998;00781
01002;00816
01002;00831
00996;00816
00989;00802
00985;00800
00987;00804
00988;00805
00985;00811
00983;00810
00977;00802
00976;00800
00981;00808
00988;00829
00994;00854
00994;00878
00988;00897
00980;00901
00974;00917
00970;00922
00976;00920
00983;00912
00994;00911
01005;00940
01013;00960
01023;00966
01032;00973
01044;00992
01053;00993
01057;01014
01061;01041
01062;01075
01056;01106
01054;01086
01056;01063
01058;01046
01062;01038
01074;01048
01080;01062
01087;01076
01098;01071
01113;01040
01117;01010
01117;01003
01118;01007
01124;00995
01119;00972
01104;00934
01094;00910
01086;00873
01074;00858
01064;00856
01069;00854
01074;00859
01074;00850
01064;00856
01062;00865
01064;00873
01067;00875
01073;00886
01076;00890
01064;00902
01047;00894
01035;00858
01023;00825
01017;00801
01014;00785
01011;00783
01007;00778
01007;00774
01011;00759
01014;00749
01024;00748
01032;00761
01042;00773
01050;00791
01056;00812
01064;00830
01079;00858
01092;00862
01096;00851
01101;00826
01104;00813
01108;00818
01106;00833
01110;00840
01113;00847
01117;00847
01118;00839
01118;00851
01123;00871
01127;00888
01127;00906
01132;00903
01150;00877
01163;00841
01181;00793
01182;00764
01173;00742
01160;00730
01157;00731
01162;00756
01169;00768
01172;00778
01159;00818
01150;00871
01140;00925
01145;00941
01163;00938
01182;00934
01196;00916
01206;00879
01215;00859
01224;00877
01241;00886
01260;00888
01285;00899
01315;00931
01336;00963
01351;00984
01354;01029
01358;01074
01367;01085
01380;01053
01381;01020
01375;00995
01360;00961
01338;00931
01319;00906
01310;00903
01315;00886
01322;00866
01337;00857
01359;00864
01377;00877
01387;00876
01396;00865
01399;00847
01391;00833
01372;00797
01348;00760
01325;00732
01287;00715
01236;00711
01201;00703
01183;00711
01172;00722
01165;00725
01167;00728
01175;00749
01185;00772
01190;00783
01195;00787
01201;00771
01210;00752
01217;00729
01218;00717
01216;00709
01215;00700
01214;00701
01216;00712
01221;00730
01229;00759
01238;00796
01249;00834
01257;00867
01266;00893
01280;00920
01294;00955
01310;00947
01324;00930
01337;00915
01351;00906
01364;00912
01371;00923
01378;00944
01392;00952
01416;00932
01429;00901
01439;00900
01454;00913
01469;00941
01487;00955
01504;00942
01528;00918
01542;00874
01547;00834
01542;00819
01541;00817
01536;00823
01523;00815
01507;00796
01484;00774
01467;00750
01441;00722
01409;00701
01377;00692
01350;00702
01329;00712
01320;00703
01315;00698
01308;00673
01298;00657
01295;00665
01293;00682
01308;00692
01327;00684
01332;00659
01338;00629
01341;00605
01340;00582
01338;00569
01338;00562
01330;00542
01326;00517
01323;00497
01324;00479
01334;00466
01334;00456
01327;00456
01317;00453
01309;00460
01304;00463
01300;00468
01291;00482
01280;00496
01265;00519
01250;00541
01243;00562
01243;00576
01250;00583
01261;00576
01271;00581
01282;00589
01302;00594
01325;00601
01345;00604
01364;00591
01383;00563
01400;00542
01405;00539
01405;00534
01403;00513
01396;00480
01382;00449
01366;00422
01346;00409
01336;00417
01329;00428
01319;00426
01319;00418
01312;00440
01307;00468
01309;00492
01309;00510
01304;00525
01306;00531
01296;00534
01286;00546
01277;00567
01276;00572
01284;00560
01290;00555
01292;00567
01297;00597
01323;00622
01355;00643
01385;00659
01406;00674
01421;00690
01428;00727
01433;00756
01446;00759
01462;00737
01471;00693
01462;00654
01441;00628
01419;00606
01397;00578
01380;00551
01371;00527
01362;00519
01346;00525
01327;00545
01318;00578
01311;00610
01311;00632
01315;00650
01335;00666
01363;00669
01383;00661
01393;00647
01399;00645
01408;00650
01413;00648
01418;00654
01418;00674
01420;00699
01413;00723
01400;00743
01388;00760
01384;00787
01390;00818
01394;00830
01396;00839
01394;00832
01397;00814
01403;00782
01412;00746
01426;00732
01434;00736
01439;00736
01443;00715
01443;00692
01441;00680
01441;00684
01437;00693
01435;00711
01428;00737
01413;00747
01407;00736
01406;00714
01399;00699
01398;00710
01408;00709
01414;00712
01411;00725
01401;00751
01396;00774
01396;00812
01398;00858
01405;00914
01418;00959
01424;00984
01420;01020
01425;01036
01447;01049
01469;01077
01492;01108
01515;01115
01541;01117
01564;01122
01579;01152
01600;01190
01613;01207
01605;01223
01594;01221
01584;01185
01567;01141
01549;01112
01532;01059
01511;00990
01488;00908
01456;00853
01426;00819
01415;00797
01405;00787
01400;00782
01399;00783
01398;00770
01385;00774
01373;00781
01363;00785
01361;00769
01361;00744
01365;00720
01371;00714
01376;00721
01380;00737
01385;00754
01390;00791
01398;00850
01408;00904
01424;00953
01440;01008
01448;01058
01446;01082
01442;01092
01436;01101
01435;01136
01440;01126
01445;01087
01444;01045
01439;01020
01429;00999
01422;00990
01421;00989
01425;00990
01431;00991
01437;00972
01438;00982
01435;00988
01434;01009
01435;01010
01441;00996
01452;00972
01465;00951
01474;00958
01482;01022
01483;01036
01489;01058
01497;01110
01511;01150
01529;01182
01540;01219
01549;01277
01559;01312
01564;01309
01568;01247
01584;01236
01598;01206
01610;01156
01615;01118
01611;01126
01614;01147
01619;01148
01621;01163
01628;01177
01630;01190
01617;01199
01607;01216
01603;01219
01602;01218
01599;01174
01594;01115
01587;01052
01585;01007
01586;00988
01588;00968
01594;00965
01603;00983
01611;01022
01616;01078
01627;01146
01638;01230
01651;01339
01663;01420
01688;01440
01704;01422
01716;01377
01715;01315
01707;01253
01706;01182
01705;01135
01703;01080
01699;00994
01687;00891
01655;00839
01622;00834
01592;00855
01575;00876
01570;00889
01561;00900
01554;00884
01551;00859
01545;00836
01534;00836
01527;00832
01529;00815
01533;00797
01535;00798
01537;00814
01540;00831
01544;00834
01541;00857
01538;00903
01543;00949
01553;00972
01559;00992
01569;01015
01574;01007
01575;00978
01569;00947
01558;00946
01571;00915
01587;00880
01592;00859
01591;00876
01597;00891
01599;00903
01600;00939
01600;00986
01606;01024
01614;01029
01603;01029
01591;01010
01589;00993
01585;00986
01577;01006
01572;00990
01560;00966
01551;00938
01550;00911
01550;00900
01549;00917
01558;00952
01578;00974
01591;00975
01592;00952
01590;00964
01600;00951
01606;00945
01602;00949
01594;00969
01586;00977
01567;00983
01542;00995
01534;01012
01533;01035
01537;01059
01540;01118
01542;01176
01548;01222
01560;01243
01580;01252
01625;01247
01658;01249
01687;01275
01711;01322
01728;01360
01739;01365
01746;01328
01751;01274
01755;01224
01734;01208
01691;01201
01653;01191
01615;01150
01590;01072
01570;00995
01552;00927
01538;00906
01526;00915
01510;00945
01507;00970
01509;00994
01513;00997
01514;01018
01511;01065
01512;01115
01514;01178
01521;01227
01529;01251
01531;01248
01535;01225
01540;01192
01547;01175
01557;01149
01572;01103
01569;01061
01564;01030
01560;01001
01556;00996
01559;00985
01568;00973
01571;00981
01566;00994
01562;01015
01554;01039
01562;01042
01565;01031
01567;01021
01572;01003
01572;01024
01567;01059
01561;01078
01564;01084
01566;01076
01561;01076
01558;01103
01559;01145
01565;01202
01571;01259
01580;01282
01591;01268
01603;01236
01609;01206
01613;01195
01619;01184
01618;01176
01615;01170
01607;01149
01596;01151
01590;01148
01582;01159
01578;01194
01575;01243
01576;01276
01578;01288
01582;01295
01590;01275
01602;01265
01612;01222
01622;01224
01633;01235
01646;01241
01656;01241
01657;01242
01666;01230
01678;01189
01673;01173
01662;01164
01653;01148
01641;01089
01626;01020
01609;00955
01601;00885
01599;00818
01586;00779
01570;00764
01565;00746
01562;00713
01561;00701
01554;00720
01549;00760
01544;00799
01536;00851
01538;00888
01545;00905
01545;00917
01546;00907
01552;00907
01558;00899
01573;00901
01586;00913
01596;00925
01600;00918
01596;00919
01602;00937
01616;00962
01634;01007
01643;01035
01648;01052
01658;01034
01656;00989
01653;00957
01653;00931
01651;00926
01645;00923
01636;00920
01626;00922
01622;00938
01618;00967
01618;01002
01629;01064
01642;01131
01655;01184
01664;01177
01670;01157
01671;01145
01673;01104
01666;01062
01655;01025
01637;01025
01621;01012
01610;00972
01590;00944
01576;00966
01565;01010
01565;01056
01569;01121
01580;01188
01596;01257
01613;01287
01629;01281
01645;01260
01671;01233
01697;01218
01713;01202
01719;01190
01722;01200
01725;01195
01729;01169
01728;01131
01734;01128
01738;01159
01733;01208
01728;01235
01729;01253
01733;01244
01742;01200
01762;01160
01772;01140
01780;01178
01775;01245
01775;01322
01785;01381
01796;01454
01809;01536
01825;01638
01835;01752
01842;01894
01863;02038
01899;02103
01927;02103
01936;02061
01935;02003
01938;01910
01942;01788
01938;01664
01930;01533
01903;01370
01866;01207
01818;01087
01770;01003
01732;00935
01698;00897
01664;00895
01628;00920
01608;00931
01602;00939
01607;00938
01610;00922
01612;00923
01612;00946
01615;00975
01624;00990
01638;00997
01648;00994
01647;01008
01631;01032
01616;01068
01618;01103
01635;01106
01669;01068
01699;01031
01718;01005
01733;00985
01739;00968
01750;00932
01766;00903
01775;00869
01775;00852
01763;00853
01739;00881
01718;00906
01700;00930
01684;00947
01675;00964
01667;00990
01657;01002
01654;01020
01656;01028
01660;01059
01658;01104
01660;01148
01669;01176
01674;01198
01675;01216
01676;01217
01677;01243
01668;01271
01659;01295
01653;01306
01653;01275
01654;01228
01646;01183
01648;01158
01650;01162
01648;01220
01649;01242
01656;01272
01664;01314
01673;01361
01680;01438
01693;01525
01708;01631
01726;01724
01750;01744
01771;01682
01791;01597
01807;01504
01807;01408
01798;01320
01783;01251
01768;01197
01755;01122
01734;01050
01711;01030
01692;01045
01675;01102
01656;01164
01652;01227
01656;01253
01663;01246
01663;01271
01660;01275
01662;01292
01664;01314
01666;01370
01667;01392
01665;01404
01668;01422
01669;01465
01666;01515
01667;01520
01675;01559
01675;01593
01678;01624
01680;01613
01686;01621
01702;01623
01712;01592
01715;01550
01720;01524
01718;01509
01713;01489
01714;01460
01713;01421
01714;01409
01711;01415
01702;01454
01692;01499
01691;01523
01692;01504
01698;01480
01704;01447
01708;01424
01712;01414
01712;01428
01719;01444
01730;01422
01737;01428
01744;01464
01756;01521
01770;01560
01775;01595
01777;01624
01773;01630
01770;01599
01771;01531
01764;01478
01756;01402
01744;01335
01730;01298
01711;01283
01700;01269
01688;01245
01682;01220
01675;01203
01663;01220
01654;01251
01646;01279
01640;01287
01634;01252
01633;01209
01634;01200
01644;01187
01647;01196
01653;01209
01649;01234
01645;01233
01646;01250
01653;01271
01661;01322
01667;01379
01670;01420
01675;01477
01692;01505
01712;01511
01723;01487
01731;01468
01740;01454
01741;01471
01746;01521
01755;01566
01767;01607
01776;01631
01776;01677
01776;01740
01789;01814
01803;01892
01829;01928
01868;01908
01891;01812
01892;01730
01887;01668
01884;01612
01882;01562
01879;01519
01869;01489
01862;01481
01846;01475
01815;01504
01797;01545
01795;01596
01802;01604
01806;01595
01816;01554
01828;01513
01839;01446
01848;01359
01848;01298
01844;01247
01844;01231
01848;01199
01847;01182
01847;01186
01833;01214
01813;01215
01800;01223
01782;01239
01774;01264
01772;01263
01770;01225
01768;01160
01762;01096
01750;01038
01736;00993
01730;00965
01733;00950
01738;00936
01736;00933
01733;00936
01729;00953
01724;00998
01726;01016
01731;01027
01739;01027
01737;01026
01729;01015
01726;01000
01728;00969
01724;00956
01719;00971
01714;00971
01703;00979
01699;00970
01704;00948
01705;00930
01696;00935
01690;00943
01686;00958
01682;00941
01677;00885
01670;00826
01670;00784
01661;00764
01646;00763
01643;00764
01648;00757
01650;00758
01655;00751
01657;00769
01662;00799
01665;00847
01665;00901
01670;00962
01676;01002
01680;01037
01687;01054
01695;01037
01696;01017
01699;00998
01699;00997
01705;00985
01716;00962
01730;00922
01733;00887
01733;00843
01728;00807
01720;00792
01714;00784
01708;00755
01701;00706
01691;00663
01676;00632
01659;00618
01653;00620
01655;00632
01661;00651
01672;00657
01685;00655
01703;00658
01722;00672
01744;00697
01761;00733
01769;00765
01780;00783
01791;00796
01804;00786
01811;00773
01815;00761
01816;00760
01820;00771
01814;00783
01813;00785
01819;00775
01815;00761
01804;00754
01787;00772
01778;00801
01780;00831
01787;00851
01788;00848
01792;00832
01798;00820
01804;00829
01812;00860
01826;00885
01845;00906
01857;00939
01865;00964
01870;00988
01872;01019
01872;01051
01875;01071
01881;01069
01891;01032
01895;01010
01886;00979
01881;00940
01870;00920
01862;00924
01866;00943
01870;00962
01869;00977
01866;01000
01858;01039
01852;01065
01852;01111
01855;01157
01855;01210
01852;01233
01849;01226
01852;01225
01855;01243
01862;01267
01878;01305
01898;01335
01912;01363
01928;01371
01950;01352
01966;01343
01976;01338
01977;01323
01969;01306
01959;01285
01940;01258
01920;01225
01912;01162
01903;01119
01885;01085
01871;01070
01860;01100
01855;01141
01865;01157
01869;01152
01885;01128
01902;01117
01906;01153
01904;01199
01914;01245
01921;01252
01939;01201
01964;01116
01979;01029
02001;00964
02013;00922
02010;00892
02008;00848
02005;00782
01994;00718
01986;00679
01967;00663
01943;00665
01933;00673
01922;00675
01905;00663
01891;00643
01879;00614
01877;00590
01872;00566
01862;00546
01859;00533
01853;00533
01850;00535
01838;00550
01834;00564
01832;00573
01833;00592
01831;00623
01828;00652
01830;00665
01824;00676
01825;00672
01810;00681
01796;00683
01781;00687
01775;00697
01772;00703
01769;00701
01770;00715
01768;00730
01769;00726
01766;00736
01763;00754
01761;00774
01759;00788
01757;00800
01749;00808
01740;00806
01735;00793
01735;00795
01733;00827
01723;00861
01719;00876
01717;00886
01706;00894
01700;00894
01704;00894
01707;00904
01705;00912
01699;00899
01695;00864
01694;00814
01686;00766
01680;00719
01682;00696
01685;00687
01682;00688
01679;00695
01680;00713
01685;00731
01688;00745
01688;00766
01692;00791
01698;00814
01701;00817
01701;00822
01701;00810
01702;00784
01702;00747
01700;00730
01705;00738
01713;00752
01719;00767
01727;00788
01738;00807
01743;00817
01750;00843
01759;00883
01770;00923
01779;00944
01788;00944
01802;00932
01814;00919
01831;00907
01840;00911
01845;00920
01847;00933
01849;00933
01847;00950
01846;00974
01841;01010
01841;01071
01844;01143
01840;01214
01850;01288
01868;01319
01886;01318
01892;01308
01891;01279
01893;01255
01899;01249
01904;01228
01898;01205
01892;01175
01889;01128
01881;01122
01871;01150
01872;01192
01887;01226
01894;01234
01898;01208
01894;01171
01895;01126
01896;01084
01887;01052
01876;01026
01869;00994
01860;00959
01848;00936
01835;00945
01823;00961
01821;00987
01822;01007
01826;01023
01833;01038
01842;01047
01853;01049
01862;01051
01863;01047
01865;01034
01864;01039
01855;01042
01848;01059
01836;01084
01825;01101
01815;01116
01803;01123
01798;01128
01798;01131
01807;01111
01832;01067
01848;01019
01858;00959
01867;00898
01875;00846
01878;00805
01874;00777
01866;00752
01860;00751
01847;00776
01823;00809
01809;00850
01800;00900
01791;00946
01792;00974
01798;00982
01812;00990
01831;00979
01840;00956
01847;00939
01856;00949
01861;00957
01866;00968
01867;00980
01863;00997
01866;01021
01863;01039
01864;01080
01873;01108
01883;01117
01883;01093
01889;01057
01894;01018
01898;00977
01898;00950
01899;00932
01897;00914
01896;00882
01898;00870
01899;00872
01902;00875
01900;00887
01896;00915
01891;00937
01885;00940
01874;00942
01873;00932
01873;00913
01867;00885
01863;00851
01858;00845
01854;00849
01852;00839
01851;00830
01849;00828
01846;00815
01840;00819
01831;00851
01824;00869
01820;00878
01814;00859
01808;00833
01806;00802
01805;00785
01810;00781
01815;00778
01819;00776
01818;00766
01819;00767
01819;00771
01825;00775
01828;00790
01829;00807
01828;00814
01830;00823
01839;00829
01849;00822
01857;00811
01859;00809
01863;00816
01867;00848
01871;00862
01874;00867
01879;00873
01880;00871
01875;00878
01872;00885
01877;00895
01887;00896
01892;00903
01894;00891
01906;00873
01917;00848
01923;00822
01929;00806
01935;00800
01941;00810
01941;00825
01941;00851
01946;00871
01956;00871
01967;00888
01988;00926
02006;00969
02020;01010
02034;01046
02049;01084
02071;01104
02095;01104
02114;01108
02127;01148
02128;01186
02121;01216
02117;01246
02119;01268
02125;01274
02131;01265
02127;01275
02116;01279
02101;01278
02079;01254
02067;01218
02060;01180
02059;01143
02056;01117
02052;01110
02042;01122
02035;01132
02033;01173
02042;01193
02056;01217
02069;01224
02070;01221
02073;01208
02076;01184
02068;01157
02060;01120
02056;01052
02056;00960
02062;00890
02066;00839
02074;00817
02087;00813
02087;00805
02095;00798
02112;00787
02123;00779
02127;00799
02126;00816
02121;00824
02118;00806
02111;00777
02097;00742
02094;00718
02082;00709
02066;00714
02062;00703
02071;00679
02081;00666
02074;00662
02063;00678
02049;00710
02052;00743
02053;00769
02047;00790
02043;00816
02035;00857
02022;00886
02011;00922
02019;00950
02027;00980
02026;01002
02034;01012
02050;01009
02057;00990
02059;00960
02058;00935
02052;00932
02043;00939
02026;00948
02013;00944
02010;00934
01993;00923
02001;00922
02017;00928
02029;00942
02040;00950
02053;00968
02065;00970
02073;00975
02082;00987
02084;01021
02084;01075
02060;01130
02050;01183
02045;01215
02042;01229
02040;01213
02043;01196
02054;01176
02069;01177
02082;01172
02091;01173
02094;01175
02092;01162
02100;01137
02110;01118
02105;01111
02100;01115
02090;01114
02076;01083
02071;01032
02075;00967
02079;00917
02083;00885
02082;00866
02079;00845
02086;00838
02095;00839
02110;00858
02118;00885
02119;00932
02116;00977
02119;00998
02122;01010
02130;01019
02141;01035
02154;01020
02166;00986
02169;00938
02174;00902
02177;00868
02172;00841
02161;00839
02152;00833
02137;00831
02124;00827
02112;00845
02104;00874
02094;00916
02084;00944
02083;00957
02093;00962
02099;00960
02108;00960
02116;00969
02118;00986
02122;01005
02120;01021
02128;01018
02144;01009
02154;01016
02155;01026
02156;01039
02156;01063
02161;01079
02160;01086
02155;01064
02151;01036
02141;01016
02124;01026
02116;01029
02113;01038
02107;01038
02107;01026
02105;01020
02107;01032
02108;01088
02113;01127
02118;01168
02125;01173
02126;01165
02124;01155
02129;01141
02130;01140
02132;01126
02133;01088
02130;01047
02127;01028
02122;01022
02118;01024
02119;01030
02124;01029
02129;01040
02128;01044
02121;01060
02116;01089
02115;01094
02111;01101
02114;01099
02115;01122
02111;01149
02107;01170
02096;01181
02090;01189
02093;01195
02094;01209
02097;01237
02101;01252
02102;01239
02099;01196
02095;01147
02090;01112
02090;01084
02087;01073
02085;01070
02087;01064
02090;01069
02102;01079
02111;01112
02122;01151
02129;01201
02142;01252
02154;01290
02168;01314
02177;01327
02184;01319
02188;01270
02186;01225
02187;01177
02190;01146
02186;01126
02178;01105
02168;01085
02162;01063
02155;01043
02147;01041
02140;01067
02130;01101
02121;01136
02112;01145
02116;01124
02118;01091
02116;01066
02112;01058
02106;01057
02101;01058
02096;01068
02094;01060
02095;01060
02096;01058
02097;01077
02100;01108
02103;01135
02103;01146
02111;01150
02117;01151
02129;01127
02134;01119
02136;01103
02140;01126
02145;01155
02149;01177
02160;01204
02169;01218
02168;01227
02166;01241
02158;01270
02155;01303
02153;01347
02151;01347
02150;01329
02154;01307
02156;01272
02150;01256
02147;01265
02148;01275
02147;01297
02147;01312
02149;01322
02146;01340
02145;01386
02140;01434
02135;01501
02144;01569
02157;01603
02171;01598
02185;01557
02193;01495
02197;01428
02202;01384
02195;01337
02191;01290
02185;01234
02179;01159
02172;01097
02162;01072
02149;01073
02137;01113
02129;01152
02123;01159
02123;01126
02125;01095
02128;01068
02130;01075
02130;01110
02132;01136
02139;01155
02144;01150
02150;01144
02154;01147
02166;01151
02188;01145
02201;01140
02213;01118
02219;01053
02224;00995
02218;00927
02213;00869
02204;00814
02198;00781
02186;00779
02158;00783
02143;00776
02126;00777
02111;00801
02098;00817
02093;00854
02094;00891
02101;00925
02110;00941
02123;00929
02136;00919
02142;00916
02150;00915
02155;00917
02159;00919
02164;00928
02162;00927
02159;00934
02152;00947
02141;00988
02130;01038
02125;01103
02128;01155
02138;01197
02145;01222
02153;01216
02167;01218
02178;01211
02189;01222
02204;01223
02219;01213
02218;01193
02213;01171
02208;01140
02215;01113
02210;01108
02200;01111
02192;01129
02180;01115
02170;01086
02160;01069
02158;01060
02165;01073
02167;01105
02157;01152
02160;01215
02170;01260
02177;01296
02191;01335
02203;01370
02209;01392
02209;01409
02203;01406
02201;01386
02203;01351
02206;01294
02207;01254
02211;01207
02212;01201
02212;01240
02220;01285
02236;01313
02248;01341
02264;01373
02283;01409
02296;01424
02302;01422
02308;01411
02315;01360
02317;01271
02314;01186
02308;01110
02302;01049
02287;00996
02270;00951
02251;00946
02237;00948
02226;00976
02214;01010
02209;01058
02206;01087
02204;01127
02208;01149
02211;01164
02209;01173
02211;01151
02214;01127
02211;01094
02211;01091
02207;01112
02208;01147
02211;01167
02211;01189
02213;01205
02219;01222
02231;01241
02241;01274
02255;01289
02264;01281
02263;01225
02257;01173
02249;01131
02240;01115
02236;01117
02233;01132
02216;01157
02203;01168
02192;01173
02191;01158
02190;01169
02192;01195
02200;01216
02205;01201
02204;01182
02201;01165
02201;01136
02204;01115
02203;01110
02199;01152
02198;01203
02196;01234
02191;01233
02188;01236
02189;01226
02189;01209
02194;01210
02191;01210
02182;01209
02171;01168
02170;01096
02172;01029
02168;00998
02165;00984
02166;00974
02168;00972
02165;00989
02169;01010
02176;01040
02185;01075
02187;01126
02189;01180
02195;01240
02204;01294
02212;01358
02222;01399
02235;01398
02248;01395
02266;01367
02283;01356
02299;01353
02303;01341
02302;01318
02302;01292
02301;01258
02297;01240
02286;01251
02275;01272
02265;01303
02260;01301
02259;01262
02264;01229
02267;01199
02266;01188
02266;01196
02274;01219
02288;01236
02300;01236
02306;01245
02306;01286
02307;01361
02315;01439
02329;01505
02339;01549
02354;01550
02360;01508
02355;01465
02355;01429
02358;01387
02363;01365
02365;01358
02361;01348
02360;01348
02362;01358
02359;01388
02365;01422
02377;01443
02379;01453
02375;01459
02374;01414
02376;01337
02372;01269
02370;01206
02370;01156
02367;01139
02360;01151
02358;01189
02363;01240
02372;01308
02379;01401
02388;01512
02402;01617
02408;01720
02416;01795
02430;01790
02439;01770
02453;01708
02458;01628
02452;01526
02441;01430
02429;01336
02419;01237
02410;01143
02402;01069
02388;01041
02385;00997
02375;00973
02360;00983
02352;01013
02350;01036
02351;01037
02345;01035
02341;01026
02335;01021
02335;01025
02333;01028
02324;01034
02317;01021
02307;01007
02297;00995
02290;01011
02290;01039
02292;01088
02292;01123
02289;01152
02283;01194
02283;01231
02289;01271
02307;01303
02326;01315
02345;01305
02355;01260
02353;01179
02346;01100
02348;01020
02347;00956
02341;00920
02337;00887
02324;00866
02312;00852
02296;00829
02286;00830
02289;00845
02309;00858
02305;00878
02301;00896
02298;00908
02297;00915
02300;00917
02301;00934
02303;00978
02301;01030
02298;01092
02292;01152
02299;01209
02305;01250
02316;01259
02327;01269
02340;01274
02353;01293
02366;01325
02379;01343
02386;01361
02393;01375
02396;01384
02400;01401
02403;01438
02407;01450
02403;01444
02399;01393
02386;01313
02376;01248
02369;01176
02359;01127
02352;01090
02347;01064
02343;01036
02330;01025
02322;01034
02313;01072
02313;01119
02311;01166
02318;01192
02334;01157
02331;01111
02321;01058
02313;01000
02307;00946
02307;00891
02309;00852
02305;00822
02300;00783
02288;00763
02261;00778
02254;00791
02255;00806
02254;00834
02253;00864
02249;00888
02250;00889
02255;00867
02257;00836
02256;00806
02262;00791
02261;00788
02260;00797
02263;00803
02268;00813
02275;00838
02276;00863
02274;00903
02279;00948
02285;00993
02291;01020
02301;01043
02310;01057
02324;01064
02336;01052
02338;01044
02343;01066
02350;01100
02360;01124
02370;01146
02377;01176
02385;01186
02389;01194
02386;01220
02391;01273
02399;01311
02401;01308
02401;01266
02396;01239
02394;01210
02399;01184
02403;01180
02405;01203
02408;01231
02406;01255
02412;01285
02424;01338
02449;01388
02471;01414
02477;01443
02474;01466
02475;01463
02480;01449
02488;01403
02500;01345
02508;01279
02513;01211
02492;01181
02467;01169
02458;01165
02454;01174
02455;01199
02453;01201
02443;01227
02427;01262
02416;01309
02408;01338
02418;01326
02438;01305
02454;01268
02465;01235
02476;01220
02496;01226
02515;01247
02543;01258
02562;01256
02571;01251
02571;01270
02567;01303
02568;01351
02571;01389
02570;01423
02562;01451
02557;01439
02543;01426
02532;01407
02527;01411
02529;01438
02530;01453
02530;01480
02531;01513
02527;01528
02527;01527
02521;01550
02513;01586
02512;01639
02515;01669
02520;01651
02525;01662
02532;01654
02553;01623
02599;01585
02632;01555
02661;01527
02691;01478
02702;01399
02705;01331
02694;01294
02679;01255
02661;01232
02632;01228
02576;01250
02529;01277
02490;01271
02453;01268
02431;01279
02413;01321
02406;01381
02403;01422
02408;01439
02419;01459
02425;01467
02428;01478
02435;01510
02438;01547
02437;01602
02442;01608
02452;01563
02459;01518
02454;01494
02442;01469
02436;01475
02434;01478
02430;01490
02429;01503
02435;01525
02456;01534
02472;01565
02476;01625
02480;01694
02486;01768
02494;01807
02504;01833
02517;01822
02529;01805
02548;01748
02545;01723
02541;01730
02536;01726
02532;01722
02527;01695
02521;01674
02514;01672
02511;01694
02517;01709
02516;01735
02517;01742
02520;01690
02531;01610
02533;01525
02528;01450
02521;01385
02514;01317
02510;01251
02510;01184
02502;01138
02475;01124
02450;01161
02428;01223
02421;01280
02427;01332
02434;01363
02440;01405
02438;01430
02432;01468
02433;01499
02454;01513
02481;01507
02497;01497
02509;01482
02510;01463
02510;01444
02516;01405
02526;01398
02525;01409
02520;01418
02511;01437
02502;01431
02513;01421
02526;01397
02551;01360
02575;01334
02589;01292
02591;01249
02605;01208
02616;01177
02623;01142
02634;01117
02626;01102
02606;01109
02577;01142
02548;01194
02528;01284
02517;01331
02500;01362
02485;01384
02474;01434
02460;01532
02460;01606
02471;01688
02485;01768
02501;01831
02513;01866
02525;01919
02538;01958
02542;01990
02545;01986
02549;01926
02546;01878
02542;01823
02541;01765
02542;01718
02549;01659
02566;01607
02576;01548
02576;01500
02567;01469
02553;01467
02544;01483
02538;01499
02535;01501
02528;01473
02512;01448
02484;01403
02462;01368
02445;01321
02436;01297
02433;01286
02430;01258
02424;01221
02411;01192
02395;01168
02384;01161
02378;01190
02371;01235
02384;01286
02397;01317
02404;01306
02413;01280
02425;01251
02436;01231
02450;01243
02465;01261
02475;01283
02490;01283
02498;01284
02506;01256
02524;01264
02543;01291
02558;01329
02572;01381
02588;01421
02609;01443
02618;01426
02610;01415
02607;01397
02604;01413
02593;01437
02576;01454
02571;01466
02587;01445
02594;01403
02586;01367
02581;01358
02583;01363
02586;01382
02587;01388
02597;01350
02600;01303
02597;01258
02581;01222
02556;01212
02538;01210
02528;01222
02526;01238
02517;01256
02512;01259
02509;01263
02498;01286
02482;01298
02464;01317
02456;01329
02451;01347
02445;01335
02434;01289
02421;01226
02410;01197
02388;01219
02383;01242
02385;01277
02384;01301
02389;01309
02394;01288
02397;01288
02397;01325
02403;01362
02404;01379
02403;01347
02404;01315
02401;01281
02404;01265
02407;01280
02406;01309
02412;01322
02416;01313
02415;01307
02413;01292
02410;01311
02408;01329
02407;01356
02404;01362
02400;01363
02401;01378
02400;01388
02409;01398
02421;01401
02430;01416
02444;01430
02449;01449
02455;01472
02460;01504
02463;01522
02465;01532
02467;01562
02467;01580
02461;01590
02459;01586
02450;01550
02452;01486
02447;01416
02436;01360
02425;01328
02417;01289
02412;01249
02407;01237
02412;01256
02423;01286
02434;01348
02442;01446
02456;01540
02477;01614
02505;01671
02522;01716
02532;01728
02543;01724
02551;01710
02554;01704
02556;01724
02555;01734
02553;01754
02551;01776
02545;01800
02548;01849
02556;01938
02577;02012
02586;02066
02587;02093
02589;02055
02592;01993
02597;01910
02597;01845
02596;01802
02594;01764
02592;01715
02575;01694
02564;01701
02569;01712
02586;01768
02612;01840
02641;01885
02667;01872
02676;01824
02667;01769
02651;01707
02640;01635
02634;01558
02627;01511
02615;01491
02596;01481
02580;01517
02579;01551
02587;01556
02607;01541
02618;01542
02623;01575
02628;01603
02634;01605
02632;01530
02625;01425
02609;01312
02580;01248
02554;01251
02533;01268
02518;01277
02511;01268
02506;01271
02497;01275
02495;01321
02496;01357
02493;01376
02489;01386
02482;01376
02478;01367
02482;01353
02491;01311
02495;01263
02498;01228
02505;01204
02509;01213
02510;01246
02511;01286
02521;01316
02530;01350
02537;01405
02539;01494
02542;01582
02541;01667
02537;01693
02538;01715
02545;01708
02556;01701
02555;01715
02550;01727
02548;01729
02545;01743
02542;01757
02539;01753
02541;01789
02541;01800
02542;01820
02535;01824
02535;01815
02540;01810
02535;01793
02531;01747
02532;01703
02533;01667
02530;01653
02524;01658
02512;01664
02507;01669
02505;01662
02502;01638
02504;01628
02507;01624
02514;01615
02525;01596
02522;01532
02517;01467
02517;01405
02516;01369
02514;01366
02514;01372
02513;01385
02510;01415
02508;01457
02506;01518
02519;01617
02545;01729
02567;01824
02587;01884
02608;01901
02616;01915
02623;01904
02634;01862
02636;01825
02633;01791
02627;01780
02615;01765
02611;01759
02610;01757
02600;01761
02598;01762
02597;01790
02590;01816
02589;01828
02590;01839
02594;01780
02597;01721
02598;01684
02602;01663
02611;01684
02626;01717
02651;01728
02679;01752
02697;01757
02702;01748
02710;01771
02727;01784
02737;01784
02740;01790
02744;01777
02755;01755
02754;01725
02729;01677
02711;01649
02708;01618
02694;01611
02667;01625
02646;01652
02631;01672
02619;01657
02595;01639
02570;01647
02566;01673
02564;01710
02559;01741
02564;01711
02574;01655
02582;01595
02597;01539
02611;01545
02632;01570
02671;01561
02698;01563
02716;01553
02725;01554
02731;01608
02736;01686
02745;01759
02752;01836
02769;01853
02774;01834
02763;01823
02758;01773
02771;01719
02793;01661
02802;01622
02813;01603
02817;01598
02813;01589
02796;01592
02781;01614
02768;01617
02761;01631
02738;01642
02703;01658
02671;01628
02636;01554
02608;01457
02588;01363
02564;01294
02542;01238
02517;01220
02492;01245
02477;01269
02477;01283
02484;01329
02496;01383
02503;01429
02506;01458
02509;01491
02512;01518
02521;01515
02528;01469
02533;01432
02537;01403
02542;01389
02548;01397
02556;01429
02567;01468
02589;01477
02605;01483
02621;01513
02639;01554
02653;01599
02663;01669
02672;01664
02676;01629
02684;01593
02695;01560
02706;01546
02716;01530
02712;01511
02705;01510
02715;01502
02735;01478
02758;01512
02779;01530
02790;01529
02785;01534
02773;01555
02768;01580
02780;01582
02795;01550
02789;01513
02762;01463
02733;01433
02711;01439
02693;01467
02681;01493
02673;01489
02667;01469
02665;01457
02655;01469
02653;01479
02661;01491
02665;01462
02661;01416
02659;01367
02658;01326
02656;01303
02658;01295
02651;01307
02646;01328
02643;01348
02642;01376
02646;01423
02648;01482
02651;01526
02657;01568
02667;01593
02671;01596
02678;01587
02691;01552
02690;01525
02685;01498
02684;01498
02688;01521
02691;01552
02695;01580
02699;01604
02704;01643
02715;01677
02726;01713
02739;01740
02758;01768
02768;01742
02773;01681
02781;01628
02788;01570
02793;01534
02794;01512
02787;01511
02774;01548
02773;01603
02767;01654
02768;01734
02771;01827
02775;01913
02789;01972
02797;01991
02798;01990
02796;01976
02792;01928
02786;01879
02785;01827
02789;01822
02793;01832
02800;01855
02801;01886
02811;01899
02844;01891
02872;01884
02881;01886
02891;01873
02900;01843
02904;01738
02915;01597
02907;01444
02893;01317
02871;01257
02833;01240
02800;01236
02792;01261
02789;01293
02788;01331
02787;01370
02778;01427
02782;01466
02781;01500
02778;01510
02774;01522
02767;01522
02755;01484
02743;01456
02735;01426
02735;01449
02739;01472
02739;01486
02742;01493
02751;01503
02762;01502
02776;01518
02791;01546
02805;01570
02810;01597
02808;01541
02793;01469
02781;01424
02776;01385
02765;01379
02757;01377
02753;01384
02757;01410
02760;01429
02768;01463
02781;01555
02801;01665
02818;01772
02838;01855
02879;01851
02911;01832
02913;01798
02904;01748
02888;01695
02867;01626
02853;01550
02851;01469
02835;01394
02815;01360
02776;01381
02742;01413
02730;01450
02726;01478
02729;01507
02731;01552
02728;01566
02721;01570
02723;01585
02733;01587
02750;01592
02775;01586
02793;01568
02809;01556
02824;01521
02832;01486
02827;01485
02815;01490
02805;01472
02782;01449
02753;01437
02718;01453
02689;01474
02672;01465
02654;01458
02639;01436
02634;01440
02633;01457
02634;01494
02642;01539
02652;01565
02659;01568
02666;01552
02666;01561
02664;01590
02664;01625
02665;01614
02670;01565
02674;01508
02675;01437
02676;01396
02683;01355
02684;01325
02687;01309
02690;01297
02696;01288
02697;01300
02692;01342
02689;01376
02689;01421
02690;01434
02691;01440
02700;01438
02700;01416
02699;01399
02698;01385
02698;01407
02705;01449
02715;01504
02722;01542
02727;01586
02739;01611
02760;01621
02778;01651
02791;01688
02800;01733
02810;01716
02812;01650
02809;01580
02803;01521
02796;01492
02772;01482
02738;01501
02719;01524
02699;01530
02686;01528
02672;01560
02653;01602
02635;01624
02619;01637
02604;01616
02595;01624
02577;01616
02558;01579
02559;01535
02555;01488
02543;01466
02541;01490
02540;01541
02541;01595
02551;01637
02555;01639
02558;01656
02556;01692
02541;01751
02532;01806
02533;01807
02534;01759
02537;01711
02539;01668
02533;01691
02538;01714
02550;01732
02554;01764
02555;01774
02555;01793
02554;01843
02551;01907
02546;01953
02539;01999
02535;01993
02527;01996
02517;01988
02524;01947
02537;01902
02547;01839
02550;01803
02554;01785
02554;01778
02553;01762
02550;01748
02547;01728
02540;01728
02532;01720
02514;01723
02497;01738
02487;01696
02479;01626
02473;01560
02468;01500
02462;01469
02453;01451
02456;01420
02460;01415
02459;01417
02454;01433
02447;01479
02443;01554
02443;01600
02441;01633
02439;01638
02439;01640
02439;01626
02435;01597
02432;01552
02432;01488
02429;01449
02425;01411
02428;01377
02436;01349
02443;01327
02444;01305
02438;01306
02433;01322
02437;01348
02442;01386
02446;01372
02452;01320
02457;01289
02458;01261
02453;01249
02450;01251
02452;01262
02454;01265
02455;01267
02453;01276
02449;01315
02442;01379
02429;01425
02427;01464
02441;01479
02467;01470
02477;01466
02477;01463
02472;01468
02476;01462
02490;01484
02509;01521
02521;01585
02527;01661
02525;01737
02516;01830
02530;01909
02557;01982
02577;02020
02591;02042
02593;02001
02585;01921
02576;01833
02567;01750
02557;01700
02549;01644
02540;01598
02522;01573
02508;01578
02496;01597
02491;01636
02494;01679
02503;01706
02522;01732
02541;01730
02548;01742
02547;01739
02553;01706
02561;01661
02572;01594
02577;01541
02569;01520
02557;01514
02537;01511
02517;01509
02506;01497
02497;01500
02487;01537
02481;01571
02473;01616
02471;01615
02477;01572
02481;01531
02482;01484
02483;01456
02483;01430
02482;01418
02479;01409
02477;01426
02478;01454
02480;01542
02485;01634
02496;01708
02511;01777
02523;01809
02537;01836
02547;01838
02555;01816
02561;01773
02562;01723
02559;01675
02558;01676
02557;01699
02558;01714
02565;01735
02571;01739
02579;01752
02586;01777
02597;01802
02610;01830
02626;01812
02639;01746
02649;01669
02654;01613
02661;01572
02669;01547
02673;01525
02683;01500
02689;01482
02684;01480
02679;01502
02680;01526
02679;01548
02672;01589
02664;01619
02666;01619
02666;01603
02652;01588
02636;01567
02635;01527
02637;01498
02639;01504
02642;01521
02651;01511
02656;01497
02643;01506
02633;01528
02633;01548
02631;01568
02627;01583
02620;01567
02603;01513
02592;01456
02584;01412
02579;01380
02579;01351
02579;01333
02583;01309
02587;01292
02593;01290
02595;01294
02601;01320
02604;01349
02608;01365
02614;01373
02619;01380
02624;01385
02625;01378
02629;01348
02634;01311
02645;01304
02657;01320
02675;01318
02690;01316
02688;01336
02682;01357
02678;01362
02678;01395
02677;01438
02667;01476
02654;01491
02644;01460
02624;01453
02602;01454
02593;01457
02588;01465
02587;01483
02587;01501
02594;01522
02607;01547
02614;01579
02617;01641
02623;01696
02629;01734
02637;01749
02654;01767
02668;01756
02670;01710
02655;01667
02647;01615
02641;01578
02628;01567
02615;01540
02602;01528
02587;01519
02568;01506
02552;01525
02547;01575
02551;01629
02551;01691
02555;01706
02562;01664
02570;01618
02574;01572
02579;01533
02581;01504
02577;01482
02574;01450
02571;01426
02568;01403
02577;01413
02583;01446
02579;01490
02578;01528
02579;01561
02579;01588
02585;01604
02593;01600
02599;01610
02604;01632
02600;01687
02605;01775
02617;01853
02630;01920
02639;01979
02650;02025
02653;02060
02660;02096
02656;02114
02652;02118
02645;02047
02632;01907
02614;01775
02591;01668
02565;01573
02546;01503
02528;01459
02510;01445
02504;01446
02504;01460
02499;01512
02503;01591
02512;01665
02526;01727
02541;01786
02549;01822
02555;01833
02562;01809
02558;01764
02548;01717
02544;01691
02540;01689
02536;01678
02534;01654
02529;01620
02527;01593
02531;01586
02535;01613
02538;01647
02541;01671
02548;01652
02552;01589
02555;01532
02551;01493
02549;01466
02549;01464
02546;01458
02545;01442
02551;01431
02555;01415
02554;01425
02555;01458
02554;01508
02561;01539
02570;01546
02563;01530
02551;01516
02535;01484
02524;01440
02519;01393
02511;01364
02502;01365
02496;01359
02485;01369
02483;01386
02494;01390
02509;01373
02527;01365
02529;01367
02524;01380
02521;01371
02516;01324
02515;01271
02514;01213
02507;01165
02503;01142
02490;01136
02468;01150
02456;01170
02446;01193
02440;01209
02437;01254
02434;01295
02433;01342
02430;01383
02427;01425
02438;01470
02452;01483
02469;01485
02493;01460
02505;01441
02509;01428
02512;01434
02511;01440
02513;01460
02519;01468
02523;01459
02524;01453
02515;01440
02507;01439
02510;01427
02511;01388
02510;01346
02516;01307
02523;01256
02518;01218
02509;01186
02504;01177
02508;01182
02503;01202
02496;01231
02500;01266
02505;01299
02509;01328
02505;01382
02505;01436
02509;01499
02517;01531
02525;01551
02535;01547
02549;01540
02554;01544
02556;01533
02544;01529
02534;01512
02526;01479
02516;01435
02503;01417
02493;01391
02485;01393
02467;01382
02452;01344
02439;01315
02436;01291
02439;01273
02440;01274
02439;01290
02441;01319
02439;01354
02435;01394
02440;01448
02452;01531
02470;01595
02485;01613
02484;01616
02482;01596
02481;01563
02478;01503
02476;01456
02474;01396
02470;01353
02467;01327
02457;01302
02441;01316
02440;01326
02441;01345
02442;01358
02442;01384
02453;01402
02456;01421
02456;01420
02454;01375
02451;01354
02455;01341
02463;01331
02475;01344
02490;01355
02506;01348
02512;01332
02515;01321
02513;01312
02509;01342
02508;01375
02508;01390
02510;01415
02507;01403
02501;01393
02491;01384
02480;01395
02483;01400
02497;01412
02509;01422
02515;01428
02520;01446
02521;01449
02523;01463
02524;01478
02528;01507
02538;01528
02547;01546
02556;01555
02564;01519
02569;01489
02575;01455
02584;01435
02599;01435
02616;01438
02624;01467
02629;01519
02628;01589
02628;01662
02638;01769
02651;01868
02666;01982
02679;02060
02681;02108
02674;02150
02674;02133
02675;02099
02676;02074
02674;02075
02673;02099
02673;02097
02663;02074
02649;02074
02645;02100
02662;02133
02675;02177
02674;02212
02670;02238
02665;02233
02659;02153
02655;02098
02655;02036
02656;01985
02653;01950
02645;01926
02635;01960
02641;02007
02655;02050
02675;02080
02690;02135
02697;02181
02697;02230
02695;02268
02695;02276
02693;02271
02694;02191
02693;02118
02689;02041
02685;01984
02680;01973
02683;01970
02701;01959
02718;01936
02728;01902
02737;01865
02745;01885
02764;01883
02785;01866
02790;01845
02795;01762
02807;01684
02802;01617
02796;01564
02798;01526
02790;01504
02772;01481
02748;01469
02722;01462
02705;01466
02692;01510
02672;01555
02663;01581
02656;01596
02650;01606
02651;01598
02653;01577
02650;01563
02647;01557
02648;01559
02651;01584
02655;01604
02662;01652
02676;01698
02683;01754
02686;01816
02698;01877
02713;01914
02727;01946
02741;01937
02746;01869
02745;01808
02744;01755
02741;01724
02738;01731
02746;01754
02753;01797
02765;01832
02773;01853
02768;01879
02776;01929
02787;01977
02778;02007
02768;02032
02762;02017
02752;01981
02745;01920
02730;01867
02715;01833
02716;01828
02707;01834
02696;01831
02703;01835
02711;01832
02718;01828
02726;01831
02732;01838
02753;01843
02776;01831
02778;01821
02780;01784
02785;01748
02790;01713
02797;01692
02803;01687
02800;01679
02792;01678
02769;01695
02744;01729
02738;01731
02733;01762
02725;01798
02712;01827
02697;01850
02686;01858
02687;01879
02697;01850
02703;01792
02699;01728
02690;01693
02681;01673
02674;01660
02673;01652
02672;01638
02673;01626
02667;01597
02655;01603
02644;01615
02644;01628
02643;01642
02641;01604
02644;01557
02650;01502
02649;01468
02640;01446
02638;01426
02636;01414
02631;01422
02626;01437
02625;01457
02628;01539
02627;01632
02626;01734
02634;01802
02641;01859
02644;01903
02646;01904
02651;01905
02660;01907
02673;01902
02685;01883
02689;01870
02688;01857
02685;01866
02683;01868
02685;01870
02682;01914
02688;01941
02692;01952
02682;01957
02666;01916
02653;01857
02644;01798
02635;01750
02630;01727
02627;01735
02627;01745
02624;01787
02619;01825
02622;01844
02636;01871
02644;01897
02643;01924
02643;01931
02646;01932
02652;01902
02664;01858
02671;01802
02679;01760
02689;01720
02687;01726
02686;01750
02692;01770
02698;01795
02699;01810
02698;01839
02695;01881
02692;01927
02691;01965
02688;02021
02698;02007
02717;01965
02735;01916
02751;01861
02765;01818
02776;01774
02775;01730
02779;01667
02776;01623
02774;01565
02771;01565
02768;01576
02763;01592
02757;01594
02749;01569
02744;01525
02763;01473
02768;01436
02765;01396
02763;01381
02763;01379
02757;01374
02751;01367
02750;01370
02753;01366
02762;01351
02750;01332
02738;01321
02743;01312
02743;01299
02739;01238
02735;01171
02737;01098
02737;01044
02730;01024
02712;01052
02700;01097
02708;01127
02713;01138
02719;01138
02733;01178
02739;01219
02738;01268
02742;01293
02750;01278
02756;01236
02757;01186
02746;01134
02733;01097
02720;01070
02702;01042
02691;01018
02686;01001
02674;00997
02662;01010
02658;01037
02657;01075
02658;01108
02661;01137
02667;01159
02673;01140
02681;01108
02691;01065
02695;01031
02699;01010
02701;00989
02699;00967
02697;00960
02693;00954
02686;00947
02682;00981
02675;01026
02666;01086
02669;01130
02672;01163
02675;01189
02680;01204
02682;01202
02690;01203
02698;01193
02703;01176
02708;01149
02707;01111
02697;01086
02685;01073
02675;01075
02669;01091
02667;01114
02663;01131
02659;01156
02660;01142
02658;01132
02662;01127
02676;01127
02690;01130
02703;01132
02713;01123
02722;01132
02732;01137
02741;01141
02749;01197
02760;01255
02772;01295
02770;01323
02765;01342
02762;01340
02758;01344
02756;01325
02755;01312
02756;01312
02758;01318
02758;01335
02758;01368
02771;01395
02788;01424
02803;01465
02817;01504
02830;01558
02847;01605
02857;01628
02854;01610
02853;01576
02854;01546
02854;01537
02853;01552
02848;01567
02843;01580
02836;01601
02825;01637
02821;01682
02827;01761
02828;01838
02827;01919
02826;01985
02832;02027
02839;02051
02848;02054
02856;02018
02860;01973
02861;01930
02863;01919
02870;01942
02882;01969
02894;01994
02904;02000
02913;02009
02923;02029
02939;02039
02948;02028
02950;02017
02952;01940
02954;01827
02955;01712
02953;01602
02950;01534
02948;01484
02943;01429
02932;01406
02927;01403
02933;01394
02940;01419
02942;01461
02937;01485
02932;01509
02927;01501
02923;01489
02924;01477
02927;01456
02932;01430
02939;01413
02948;01408
02959;01393
02971;01377
02980;01351
02981;01346
02979;01349
02979;01364
02979;01381
02978;01394
02973;01400
02966;01358
02960;01307
02960;01273
02962;01251
02971;01234
02981;01197
02986;01158
02981;01138
02966;01128
02952;01128
02939;01176
02925;01235
02907;01276
02887;01296
02869;01296
02851;01288
02830;01291
02820;01282
02821;01279
02826;01266
02829;01253
02830;01243
02831;01242
02833;01251
02836;01250
02840;01256
02848;01245
02854;01231
02849;01226
02843;01225
02838;01191
02838;01147
02839;01115
02843;01094
02848;01093
02852;01104
02854;01123
02855;01151
02862;01161
02870;01178
02876;01214
02880;01261
02884;01283
02884;01283
02885;01257
02882;01218
02874;01190
02871;01161
02871;01135
02871;01096
02869;01080
02869;01074
02871;01076
02874;01085
02878;01111
02886;01141
02896;01162
02903;01181
02908;01199
02907;01216
02904;01194
02900;01141
02894;01105
02890;01084
02887;01076
02881;01077
02876;01087
02873;01104
02872;01130
02875;01171
02881;01219
02885;01281
02890;01336
02894;01380
02896;01399
02896;01405
02896;01411
02896;01393
02888;01366
02880;01331
02876;01333
02875;01330
02872;01319
02866;01309
02857;01306
02852;01324
02852;01335
02855;01375
02867;01418
02880;01458
02888;01432
02888;01388
02888;01353
02894;01327
02901;01328
02906;01337
02910;01357
02908;01377
02902;01393
02896;01427
02896;01513
02905;01607
02909;01668
02910;01720
02915;01742
02918;01761
02917;01772
02918;01756
02921;01743
02925;01708
02922;01684
02919;01671
02920;01667
02920;01658
02918;01653
02919;01635
02920;01601
02916;01590
02911;01586
02908;01588
02907;01529
02904;01452
02899;01393
02893;01348
02889;01335
02889;01325
02892;01330
02900;01326
02905;01301
02898;01282
02889;01317
02881;01382
02880;01449
02886;01505
02893;01518
02901;01524
02907;01527
02907;01501
02906;01488
02915;01468
02931;01460
02945;01448
02947;01434
02943;01432
02935;01441
02922;01450
02906;01466
02898;01528
02894;01586
02893;01634
02886;01615
02880;01585
02882;01556
02883;01532
02886;01528
02891;01526
02894;01524
02896;01511
02896;01490
02892;01508
02888;01578
02885;01662
02884;01728
