043
1.29
PD500-0212
001157 001239 001049
1.11 1.40 1.30
CORE CAST 2
22.06.2015
12:04:26
010
10000
05014
1
05000
05000
0150
5000
0070
0491
02239
03233
1
1
1
1
1
1
+03,7
089,6
+00,4
009,7
0
0
0
0
0
000
00000
0
0
000
000
00000
0
0
0
000
00000


0
0
0
00000
000
00000
0
000
000
000
00000
00000
000
000
00000
000
000
00000
000
000
00000
0
0
0
00000
00000
000
000
00,0
000
000
000
00000
000
000
0
0
0
00000
000
00000
000
000
0
0
0
00000
00000
00000
00000
00000
00000
0
0
000
00000
000
0
000
00000
000
0
00000
000000




00000-00000: 
00000-00000: 
00000-00000: 
00000-00000: 
00000-00000: 
00000-00000: 
CAST 2 1ST





00155;00122
00166;00125
00177;00119
00186;00105
00194;00100
00205;00080
00210;00061
00200;00061
00199;00061
00200;00053
00197;00047
00194;00045
00198;00045
00206;00043
00209;00033
00208;00031
00205;00031
00205;00031
00207;00031
00208;00031
00209;00039
00212;00049
00206;00055
00194;00062
00182;00069
00169;00083
00161;00101
00160;00116
00164;00125
00165;00139
00168;00147
00172;00141
00176;00133
00181;00126
00180;00129
00183;00135
00187;00144
00189;00156
00189;00178
00195;00188
00198;00200
00200;00220
00202;00237
00202;00258
00204;00269
00203;00270
00202;00274
00200;00267
00197;00259
00195;00255
00195;00252
00196;00250
00197;00253
00199;00249
00201;00239
00201;00236
00199;00226
00198;00226
00196;00228
00193;00236
00191;00237
00189;00228
00189;00211
00189;00198
00190;00191
00192;00186
00196;00187
00200;00196
00204;00200
00207;00189
00206;00181
00201;00187
00191;00196
00181;00200
00171;00199
00162;00195
00150;00182
00136;00152
00121;00125
00106;00109
00094;00096
00087;00091
00083;00091
00079;00093
00075;00101
00073;00112
00074;00126
00076;00150
00075;00177
00074;00205
00071;00232
00068;00236
00066;00231
00063;00234
00060;00234
00053;00231
00044;00233
00035;00248
00030;00258
00025;00258
00021;00258
00017;00268
00013;00273
00008;00267
00003;00270
00000;00283
00000;00299
00000;00314
00000;00352
00003;00405
00010;00478
00021;00591
00033;00731
00050;00857
00081;00940
00118;00960
00141;00956
00159;00932
00176;00883
00188;00833
00198;00767
00209;00656
00218;00523
00226;00410
00221;00331
00206;00313
00204;00304
00206;00310
00209;00327
00217;00346
00224;00361
00228;00379
00233;00396
00237;00418
00241;00452
00246;00460
00250;00467
00260;00450
00266;00426
00268;00395
00272;00363
00275;00343
00275;00336
00274;00329
00274;00312
00271;00309
00267;00310
00260;00326
00258;00347
00258;00373
00257;00402
00262;00409
00269;00399
00276;00388
00284;00384
00293;00390
00305;00408
00317;00425
00329;00443
00343;00461
00359;00487
00374;00542
00390;00615
00406;00688
00418;00756
00425;00800
00432;00834
00444;00839
00455;00819
00458;00786
00455;00751
00451;00724
00445;00689
00440;00643
00436;00596
00440;00574
00446;00549
00446;00546
00439;00563
00436;00587
00435;00583
00420;00552
00406;00523
00396;00504
00388;00480
00379;00458
00365;00447
00353;00458
00348;00452
00342;00446
00337;00459
00344;00495
00352;00536
00360;00587
00367;00643
00375;00689
00388;00715
00397;00690
00401;00676
00406;00669
00412;00667
00421;00663
00427;00658
00429;00642
00433;00626
00439;00613
00443;00610
00450;00641
00457;00670
00463;00704
00471;00732
00481;00725
00492;00702
00499;00677
00492;00647
00481;00621
00467;00593
00454;00578
00446;00567
00440;00545
00430;00538
00416;00549
00402;00572
00390;00609
00391;00658
00395;00696
00402;00716
00408;00697
00413;00681
00418;00665
00424;00635
00429;00628
00436;00620
00443;00595
00451;00560
00459;00533
00464;00523
00469;00541
00474;00551
00478;00566
00483;00589
00484;00582
00479;00553
00474;00527
00468;00506
00464;00495
00463;00489
00461;00493
00458;00502
00457;00507
00457;00510
00463;00520
00473;00561
00486;00610
00500;00642
00509;00652
00517;00648
00527;00623
00527;00592
00514;00556
00497;00528
00483;00532
00474;00522
00464;00486
00451;00461
00439;00452
00428;00466
00419;00485
00418;00509
00430;00555
00448;00585
00465;00576
00481;00551
00496;00539
00506;00528
00514;00527
00520;00528
00523;00552
00527;00575
00532;00565
00532;00547
00528;00542
00525;00553
00519;00569
00519;00595
00513;00607
00499;00598
00484;00578
00473;00546
00463;00531
00456;00524
00448;00530
00438;00544
00432;00559
00430;00556
00437;00551
00452;00556
00468;00562
00483;00579
00494;00594
00503;00602
00511;00586
00518;00544
00521;00503
00521;00471
00521;00453
00521;00433
00521;00420
00512;00405
00501;00383
00491;00373
00484;00372
00477;00396
00475;00426
00476;00468
00478;00494
00479;00508
00480;00496
00478;00478
00478;00471
00480;00463
00484;00460
00488;00455
00487;00449
00485;00432
00483;00414
00479;00408
00479;00408
00489;00416
00501;00425
00510;00429
00507;00420
00495;00396
00487;00369
00477;00335
00465;00308
00453;00297
00443;00303
00435;00318
00429;00323
00422;00332
00427;00349
00443;00391
00460;00432
00477;00494
00495;00544
00511;00567
00518;00567
00524;00549
00531;00535
00534;00519
00525;00504
00511;00490
00496;00479
00479;00448
00465;00433
00453;00433
00446;00452
00441;00491
00437;00533
00442;00570
00457;00603
00479;00598
00500;00581
00520;00564
00538;00545
00552;00521
00565;00503
00566;00474
00554;00444
00538;00416
00519;00384
00497;00374
00475;00369
00457;00381
00444;00404
00435;00425
00428;00426
00429;00410
00440;00392
00451;00379
00470;00379
00485;00389
00485;00402
00481;00409
00477;00407
00476;00409
00477;00416
00479;00439
00485;00468
00490;00496
00489;00508
00491;00494
00502;00480
00513;00459
00521;00419
00520;00381
00515;00347
00499;00326
00480;00299
00462;00285
00445;00279
00430;00289
00418;00293
00410;00294
00401;00313
00399;00327
00400;00350
00412;00350
00426;00347
00441;00326
00455;00303
00467;00291
00468;00291
00463;00295
00459;00301
00454;00307
00448;00301
00441;00314
00433;00337
00426;00371
00421;00414
00423;00433
00433;00445
00450;00449
00464;00444
00477;00449
00488;00469
00499;00480
00507;00480
00512;00480
00515;00482
00519;00510
00524;00518
00526;00535
00524;00548
00522;00560
00524;00559
00528;00544
00536;00520
00541;00489
00538;00459
00532;00439
00527;00435
00526;00421
00529;00413
00532;00404
00535;00398
00535;00410
00533;00441
00529;00483
00530;00516
00531;00506
00532;00497
00534;00492
00538;00487
00542;00503
00548;00531
00552;00569
00559;00594
00570;00606
00580;00627
00592;00667
00603;00706
00610;00746
00615;00768
00616;00752
00608;00723
00595;00670
00579;00621
00564;00581
00549;00534
00533;00494
00514;00450
00496;00411
00482;00397
00472;00400
00470;00403
00474;00415
00479;00429
00484;00431
00484;00431
00483;00421
00487;00416
00493;00406
00496;00391
00499;00390
00502;00414
00509;00446
00518;00476
00528;00516
00545;00553
00561;00586
00572;00621
00580;00680
00590;00744
00600;00794
00608;00810
00614;00794
00619;00752
00613;00695
00598;00639
00584;00612
00574;00596
00568;00561
00563;00526
00559;00490
00556;00458
00549;00440
00535;00455
00531;00491
00539;00530
00550;00538
00561;00529
00569;00517
00574;00494
00573;00468
00567;00463
00568;00483
00577;00497
00586;00507
00591;00518
00593;00533
00591;00569
00590;00607
00585;00641
00577;00667
00570;00679
00561;00684
00547;00669
00533;00635
00517;00603
00501;00601
00491;00597
00484;00582
00481;00575
00487;00581
00496;00596
00508;00600
00517;00624
00526;00669
00540;00701
00556;00706
00571;00689
00585;00675
00597;00654
00608;00644
00617;00654
00627;00698
00643;00707
00658;00712
00669;00728
00668;00757
00666;00791
00666;00834
00667;00866
00667;00886
00667;00871
00660;00812
00651;00768
00647;00726
00646;00683
00656;00640
00664;00614
00668;00580
00673;00568
00680;00562
00691;00565
00703;00579
00715;00604
00721;00619
00725;00635
00733;00634
00743;00607
00756;00582
00763;00544
00761;00509
00754;00480
00746;00458
00741;00444
00734;00445
00727;00450
00717;00451
00703;00453
00686;00462
00675;00492
00670;00509
00656;00508
00640;00505
00628;00484
00619;00456
00614;00422
00611;00406
00610;00421
00614;00435
00617;00437
00620;00444
00634;00466
00655;00486
00677;00526
00700;00560
00720;00587
00731;00594
00738;00574
00741;00554
00746;00545
00751;00524
00753;00482
00747;00444
00737;00408
00727;00387
00717;00384
00706;00404
00699;00438
00695;00482
00686;00517
00680;00569
00681;00638
00692;00692
00703;00714
00708;00724
00713;00716
00715;00708
00708;00709
00701;00705
00698;00698
00698;00689
00695;00673
00688;00664
00680;00690
00675;00735
00673;00776
00680;00791
00692;00767
00698;00732
00704;00708
00711;00668
00713;00649
00717;00648
00725;00640
00731;00608
00734;00591
00736;00597
00739;00638
00748;00680
00755;00704
00762;00743
00770;00753
00777;00740
00782;00715
00789;00689
00800;00657
00813;00627
00813;00604
00810;00586
00810;00581
00811;00568
00816;00572
00823;00582
00831;00610
00837;00651
00844;00683
00851;00711
00872;00708
00894;00693
00909;00660
00914;00629
00914;00616
00911;00618
00909;00595
00900;00572
00890;00560
00880;00552
00871;00559
00856;00581
00842;00621
00828;00667
00814;00690
00798;00703
00783;00713
00774;00701
00767;00685
00756;00664
00745;00654
00732;00641
00716;00626
00705;00605
00699;00598
00701;00593
00704;00600
00705;00633
00706;00671
00710;00702
00717;00712
00732;00706
00753;00683
00769;00651
00781;00615
00785;00574
00785;00536
00772;00498
00757;00470
00740;00455
00725;00446
00705;00453
00684;00498
00670;00554
00663;00598
00662;00645
00667;00675
00688;00687
00712;00683
00732;00659
00741;00650
00749;00646
00752;00622
00755;00595
00757;00585
00760;00573
00763;00582
00760;00608
00758;00636
00758;00661
00762;00669
00774;00660
00797;00635
00807;00611
00801;00599
00792;00598
00775;00601
00759;00606
00745;00613
00736;00629
00730;00655
00722;00696
00709;00755
00710;00802
00720;00828
00731;00854
00750;00846
00763;00810
00769;00769
00771;00728
00772;00706
00771;00682
00761;00653
00748;00633
00738;00617
00731;00587
00722;00599
00723;00633
00732;00673
00742;00701
00748;00693
00743;00683
00744;00667
00752;00645
00759;00629
00763;00641
00768;00639
00769;00644
00768;00655
00767;00697
00771;00738
00788;00793
00805;00851
00817;00908
00822;00946
00823;00938
00820;00913
00817;00864
00815;00803
00801;00727
00783;00679
00767;00622
00751;00562
00735;00514
00727;00485
00725;00486
00731;00510
00739;00541
00743;00570
00757;00597
00775;00614
00794;00601
00808;00585
00821;00567
00832;00560
00844;00554
00851;00525
00850;00513
00854;00520
00863;00536
00874;00549
00887;00580
00888;00641
00888;00727
00891;00776
00889;00798
00885;00856
00889;00870
00890;00867
00886;00853
00873;00862
00859;00890
00860;00895
00864;00866
00865;00845
00866;00839
00869;00810
00873;00818
00878;00832
00891;00842
00916;00818
00937;00762
00957;00708
00976;00668
01001;00640
01014;00632
01012;00622
01003;00610
00986;00605
00975;00613
00956;00628
00940;00661
00926;00701
00913;00754
00896;00794
00893;00809
00899;00818
00906;00810
00915;00799
00915;00785
00914;00785
00914;00804
00916;00808
00917;00789
00915;00781
00917;00784
00937;00788
00970;00800
00997;00810
01015;00829
01031;00826
01046;00788
01051;00761
01061;00735
01075;00701
01070;00666
01061;00626
01051;00586
01031;00558
01015;00525
00996;00513
00978;00520
00971;00511
00959;00498
00934;00505
00923;00515
00909;00543
00879;00566
00868;00578
00862;00571
00862;00560
00864;00568
00860;00593
00857;00619
00858;00635
00866;00651
00880;00657
00905;00664
00927;00659
00930;00674
00926;00692
00920;00670
00919;00631
00915;00603
00921;00581
00927;00574
00930;00570
00921;00588
00912;00618
00924;00652
00938;00685
00953;00739
00963;00817
00974;00893
00978;00960
00982;01044
00988;01114
00996;01124
01004;01119
01012;01092
01020;01063
01031;01043
01054;01011
01073;00980
01087;00957
01098;00914
01111;00897
01132;00940
01149;00998
01164;01052
01175;01108
01183;01123
01186;01132
01194;01130
01203;01111
01218;01079
01231;01023
01216;00956
01198;00889
01176;00836
01157;00782
01144;00765
01130;00760
01117;00763
01109;00775
01099;00788
01075;00836
01065;00854
01062;00860
01065;00871
01076;00890
01083;00921
01092;00941
01111;00949
01129;00948
01139;00957
01154;00950
01172;00975
01191;01019
01205;01062
01218;01091
01229;01071
01234;01027
01218;01000
01204;00989
01201;00994
01201;01009
01204;01039
01209;01054
01223;01073
01238;01070
01241;01091
01240;01148
01244;01219
01246;01279
01246;01303
01241;01345
01233;01317
01221;01270
01210;01209
01194;01166
01186;01153
01184;01142
01187;01110
01188;01084
01191;01074
01199;01027
01211;01011
01235;01021
01253;01035
01266;01043
01279;01017
01280;00966
01274;00907
01269;00842
01258;00785
01258;00752
01257;00740
01238;00722
01207;00710
01182;00719
01157;00743
01136;00786
01125;00849
01118;00924
01122;00975
01113;01014
01095;01018
01094;01020
01104;00997
01116;00960
01128;00937
01141;00929
01153;00918
01158;00906
01158;00901
01162;00888
01175;00898
01195;00891
01202;00901
01196;00920
01185;00915
01185;00871
01187;00812
01189;00754
01188;00718
01185;00701
01180;00717
01167;00757
01157;00806
01160;00858
01170;00916
01182;00992
01194;01040
01207;01052
01216;01042
01229;00996
01226;00929
01213;00868
01200;00797
01186;00723
01181;00662
01173;00621
01161;00610
01149;00621
01145;00627
01134;00666
01130;00713
01139;00753
01155;00795
01169;00851
01178;00894
01185;00894
01195;00893
01203;00896
01214;00906
01234;00916
01255;00927
01272;00946
01281;00987
01291;01028
01301;01073
01309;01172
01316;01278
01326;01415
01331;01589
01320;01672
01317;01698
01332;01678
01345;01628
01349;01565
01346;01500
01344;01440
01342;01386
01339;01282
01326;01121
01320;01039
01316;01006
01293;01032
01275;01051
01269;01068
01266;01083
01258;01049
01247;01016
01239;00999
01245;01007
01262;01009
01275;00999
01290;00969
01292;00961
01290;00952
01290;00964
01301;01010
01318;01050
01324;01102
01319;01166
01307;01241
01298;01296
01291;01319
01307;01327
01332;01311
01345;01258
01341;01209
01333;01161
01331;01102
01330;01030
01331;00970
01336;00946
01346;00967
01359;00979
01359;01017
01366;01067
01384;01070
01397;01056
01402;01039
01408;01023
01416;01006
01423;00995
01422;00996
01403;01034
01391;01085
01383;01138
01375;01222
01374;01322
01377;01416
01384;01543
01391;01663
01398;01710
01414;01696
01433;01661
01445;01642
01463;01582
01478;01543
01494;01500
01508;01460
01514;01373
01515;01269
01517;01205
01512;01187
01501;01171
01508;01128
01511;01110
01506;01046
01500;00984
01496;00927
01490;00885
01488;00857
01482;00865
01479;00874
01476;00894
01458;00929
01441;00970
01437;01042
01429;01123
01435;01179
01457;01187
01475;01210
01488;01214
01500;01205
01515;01173
01529;01144
01540;01097
01549;01069
01562;01030
01560;01012
01541;01048
01532;01075
01533;01109
01532;01118
01540;01119
01545;01102
01548;01112
01553;01064
01558;00990
01556;00911
01552;00819
01546;00726
01531;00646
01511;00608
01485;00590
01466;00571
01462;00545
01455;00570
01444;00641
01444;00735
01456;00831
01458;00962
01456;01014
01460;01008
01463;00977
01455;00951
01428;00925
01407;00889
01392;00842
01379;00795
01368;00753
01361;00672
01363;00665
01366;00713
01370;00772
01380;00828
01396;00888
01413;00904
01427;00877
01439;00836
01440;00793
01447;00754
01452;00728
01456;00699
01471;00665
01475;00613
01469;00552
01460;00523
01451;00522
01444;00539
01443;00582
01438;00626
01433;00653
01429;00648
01415;00631
01414;00628
01418;00633
01417;00649
01408;00682
01400;00719
01397;00728
01389;00724
01381;00700
01367;00707
01348;00743
01326;00782
01309;00833
01298;00859
01296;00870
01293;00872
01287;00883
01286;00922
01287;00990
01297;01052
01316;01103
01339;01130
01360;01167
01374;01236
01385;01307
01395;01356
01401;01403
01412;01479
01424;01502
01433;01489
01447;01453
01451;01426
01451;01363
01455;01301
01464;01251
01474;01202
01481;01147
01478;01040
01469;00956
01456;00905
01430;00890
01410;00897
01395;00922
01380;00915
01363;00895
01352;00897
01346;00905
01349;00930
01356;00995
01370;01066
01383;01135
01394;01195
01411;01256
01434;01320
01452;01389
01464;01445
01474;01508
01480;01586
01486;01603
01493;01588
01510;01555
01540;01516
01566;01435
01570;01380
01570;01333
01566;01273
01555;01197
01542;01091
01536;01011
01526;00962
01505;00936
01480;00916
01455;00935
01438;00921
01425;00884
01417;00868
01420;00846
01434;00828
01445;00823
01454;00826
01465;00825
01470;00817
01474;00793
01482;00790
01490;00822
01503;00842
01510;00876
01510;00901
01501;00923
01493;00924
01488;00904
01484;00886
01471;00887
01468;00902
01471;00914
01467;00924
01463;00928
01461;00935
01466;00939
01471;00969
01478;01018
01488;01078
01502;01139
01513;01157
01525;01141
01542;01126
01552;01104
01556;01111
01563;01133
01567;01154
01570;01193
01575;01229
01580;01278
01583;01360
01582;01466
01583;01555
01596;01642
01609;01695
01622;01726
01645;01707
01656;01627
01656;01543
01651;01447
01645;01366
01643;01303
01640;01265
01632;01234
01629;01216
01624;01212
01610;01260
01610;01338
01614;01422
01620;01503
01624;01528
01628;01511
01632;01491
01639;01467
01649;01451
01660;01436
01668;01420
01670;01437
01683;01450
01702;01471
01749;01495
01780;01515
01787;01540
01796;01555
01790;01563
01784;01569
01781;01547
01789;01485
01796;01419
01799;01340
01777;01301
01756;01284
01753;01230
01734;01182
01720;01131
01710;01082
01702;01052
01679;01033
01652;01002
01618;00958
01576;00898
01545;00829
01516;00793
01498;00762
01491;00743
01488;00729
01484;00721
01480;00726
01479;00742
01495;00778
01520;00814
01543;00871
01574;00913
01594;00967
01600;01022
01598;01062
01596;01081
01601;01080
01605;01070
01597;01051
01585;01056
01574;01068
01562;01075
01564;01066
01572;01044
01583;01036
01596;01028
01597;01029
01590;01048
01586;01055
01581;01032
01572;00977
01560;00947
01550;00917
01541;00907
01541;00886
01543;00887
01560;00892
01578;00899
01595;00918
01611;00932
01631;00955
01644;00972
01647;01012
01652;01036
01649;01065
01637;01074
01621;01055
01613;01027
01610;01012
01612;01029
01613;01070
01626;01096
01645;01109
01660;01117
01673;01128
01679;01157
01685;01214
01689;01268
01696;01312
01697;01316
01700;01280
01699;01258
01695;01217
01691;01183
01686;01143
01694;01084
01693;01037
01686;00997
01672;00952
01652;00911
01627;00895
01601;00889
01581;00910
01564;00909
01557;00908
01547;00904
01543;00871
01544;00831
01543;00802
01553;00814
01567;00841
01575;00866
01580;00891
01593;00929
01609;00953
01624;00977
01638;00997
01655;00993
01665;00980
01659;00938
01652;00865
01653;00788
01656;00701
01650;00628
01634;00575
01618;00545
01606;00529
01586;00535
01568;00548
01569;00567
01571;00608
01578;00661
01574;00721
01569;00800
01566;00863
01564;00873
01566;00854
01568;00836
01569;00817
01564;00814
01562;00819
01554;00815
01551;00820
01552;00785
01552;00755
01553;00773
01552;00834
01558;00905
01570;00960
01593;00974
01619;00949
01630;00923
01640;00881
01654;00856
01670;00843
01683;00835
01690;00807
01691;00761
01696;00731
01689;00726
01669;00758
01659;00790
01656;00830
01650;00848
01643;00858
01635;00839
01624;00831
01614;00825
01601;00820
01591;00841
01589;00874
01595;00910
01603;00934
01611;00961
01617;00988
01628;01044
01647;01088
01674;01129
01698;01139
01711;01119
01721;01046
01723;00968
01718;00898
01714;00849
01708;00806
01695;00767
01676;00734
01649;00726
01626;00750
01617;00780
01610;00845
01613;00898
01616;00933
01610;00958
01598;00979
01585;00996
01574;00994
01564;00975
01555;00957
01545;00954
01537;00957
01523;00969
01511;01004
01511;01058
01520;01091
01530;01090
01540;01116
01550;01150
01559;01175
01564;01170
01565;01129
01573;01084
01582;01032
01589;00978
01595;00965
01605;00991
01617;01028
01630;01072
01638;01111
01653;01154
01668;01210
01668;01256
01664;01316
01662;01357
01667;01399
01676;01416
01686;01387
01698;01341
01712;01297
01726;01261
01738;01235
01755;01222
01772;01198
01788;01173
01796;01122
01795;01098
01794;01113
01798;01127
01799;01139
01794;01133
01789;01109
01787;01085
01785;01043
01781;01017
01775;00987
01768;00954
01764;00920
01753;00896
01745;00884
01743;00894
01740;00907
01750;00929
01770;00956
01777;00973
01773;01008
01776;01031
01779;01024
01784;01012
01797;00992
01814;00983
01822;00995
01812;01007
01802;01037
01816;01050
01825;01047
01836;01046
01856;01061
01860;01083
01851;01095
01831;01073
01823;01016
01817;00946
01812;00863
01792;00797
01781;00751
01768;00722
01737;00687
01718;00657
01700;00642
01682;00648
01662;00675
01639;00723
01613;00789
01593;00858
01580;00916
01574;00949
01577;00975
01582;00966
01593;00944
01598;00936
01612;00954
01633;00963
01651;00969
01670;00955
01692;00933
01707;00916
01702;00904
01684;00922
01661;00949
01650;00966
01632;00938
01612;00903
01592;00887
01572;00882
01555;00889
01539;00903
01539;00931
01551;00966
01566;00977
01584;00983
01602;01029
01622;01098
01640;01122
01660;01149
01674;01165
01688;01179
01696;01152
01701;01094
01695;01056
01680;01032
01670;01010
01661;00973
01650;00962
01636;00948
01622;00928
01605;00894
01589;00889
01572;00914
01564;00948
01562;00967
01556;00945
01547;00907
01541;00873
01534;00866
01530;00839
01522;00821
01515;00818
01509;00815
01508;00803
01510;00800
01513;00828
01518;00892
01523;00968
01528;00973
01534;01008
01549;01034
01564;01026
01574;01004
01582;00992
01587;00994
01595;01007
01608;00994
01624;00965
01637;00976
01649;00985
01664;01012
01681;01073
01704;01129
01731;01185
01756;01194
01771;01163
01787;01122
01801;01066
01807;01028
01812;00993
01814;00953
01812;00901
01807;00862
01796;00803
01784;00784
01779;00794
01767;00821
01753;00861
01744;00884
01733;00900
01722;00914
01714;00905
01711;00901
01716;00907
01721;00902
01724;00906
01728;00905
01736;00898
01748;00894
01762;00894
01772;00906
01781;00952
01788;00982
01792;01021
01803;01056
01815;01055
01826;01039
01840;01016
01848;00981
01850;00963
01849;00938
01852;00919
01856;00920
01858;00933
01856;00954
01860;00980
01868;01014
01871;01054
01871;01107
01877;01138
01884;01160
01890;01144
01900;01103
01906;01048
01906;01012
01897;01015
01891;00992
01888;00956
01884;00908
01877;00872
01875;00847
01874;00864
01865;00903
01861;00954
01865;00980
01874;00936
01868;00898
01857;00889
01856;00903
01858;00965
01860;01022
01861;01065
01866;01123
01870;01193
01871;01259
01868;01353
01873;01481
01888;01576
01902;01648
01913;01650
01927;01660
01944;01617
01948;01521
01953;01391
01958;01281
01963;01202
01967;01103
01959;01032
01945;00961
01934;00903
01914;00845
01890;00864
01879;00908
01872;00949
01852;00970
01829;00963
01810;00945
01798;00911
01797;00875
01800;00883
01804;00878
01806;00853
01799;00842
01792;00849
01796;00870
01806;00918
01818;00983
01831;01066
01831;01154
01828;01204
01832;01266
01839;01285
01863;01273
01888;01243
01892;01196
01898;01144
01907;01084
01916;01018
01934;00933
01944;00851
01939;00779
01926;00755
01900;00752
01864;00772
01853;00799
01842;00794
01826;00790
01807;00784
01782;00804
01767;00845
01768;00861
01775;00865
01788;00875
01799;00867
01805;00868
01816;00890
01837;00918
01851;00939
01868;00948
01876;00926
01876;00909
01879;00871
01880;00837
01879;00799
01871;00752
01856;00729
01826;00726
01802;00738
01779;00756
01768;00786
01765;00824
01763;00867
01764;00895
01772;00936
01786;00974
01801;00974
01814;00953
01823;00935
01827;00927
01833;00960
01834;00980
01831;01029
01829;01075
01823;01134
01822;01212
01826;01279
01834;01348
01843;01411
01858;01473
01874;01492
01888;01504
01900;01477
01912;01452
01929;01412
01945;01350
01957;01341
01967;01321
01970;01278
01965;01216
01956;01146
01937;01100
01914;01083
01892;01077
01863;01073
01835;01080
01816;01037
01805;00999
01811;00983
01817;00970
01818;00982
01832;00974
01847;00946
01867;00923
01889;00887
01906;00846
01911;00827
01912;00825
01897;00837
01880;00853
01867;00828
01852;00803
01833;00784
01812;00747
01792;00723
01771;00703
01760;00691
01738;00672
01724;00647
01716;00633
01713;00639
01707;00655
01711;00703
01714;00763
01721;00827
01731;00887
01738;00905
01762;00895
01787;00859
01800;00825
01812;00809
01824;00791
01828;00766
01827;00748
01822;00732
01821;00711
01820;00741
01807;00803
01793;00902
01786;00994
01780;01065
01781;01138
01788;01162
01796;01173
01803;01175
01806;01182
01814;01203
01831;01208
01847;01191
01861;01151
01870;01106
01873;01053
01866;01049
01859;01036
01852;01025
01845;01025
01839;00973
01830;00934
01824;00894
01827;00872
01828;00856
01824;00840
01824;00836
01827;00855
01832;00883
01837;00915
01843;00965
01844;01007
01845;01030
01840;01034
01832;01050
01836;01072
01845;01055
01847;01037
01852;01006
01854;00963
01854;00946
01855;00945
01867;00957
01871;01001
01885;01034
01897;01078
01907;01157
01919;01203
01930;01256
01935;01302
01931;01283
01923;01262
01906;01244
01908;01209
01900;01188
01889;01150
01885;01096
01880;01045
01870;00993
01862;00959
01858;00975
01853;00988
01848;01017
01835;01065
01828;01116
01826;01148
01824;01137
01825;01131
01823;01114
01817;01087
01812;01077
01809;01071
01807;01066
01809;01042
01822;00991
01825;00964
01818;00995
01809;01058
01806;01121
01817;01176
01836;01170
01853;01144
01871;01106
01883;01072
01878;01069
01873;01079
01879;01104
01890;01111
01900;01140
01908;01165
01902;01218
01893;01285
01879;01343
01871;01412
01871;01469
01872;01523
01873;01520
01871;01518
01873;01500
01876;01493
01890;01516
01911;01549
01928;01590
01940;01613
01955;01630
01973;01644
01983;01672
01986;01682
01983;01699
01971;01683
01959;01613
01949;01516
01936;01458
01923;01391
01910;01302
01894;01214
01869;01160
01848;01127
01830;01087
01822;01090
01810;01143
01798;01199
01796;01215
01794;01261
01791;01325
01787;01381
01795;01384
01801;01370
01802;01356
01807;01319
01815;01281
01817;01255
01818;01235
01821;01197
01824;01163
01823;01144
01823;01168
01832;01198
01839;01208
01835;01264
01835;01242
01838;01204
01839;01160
01836;01168
01835;01120
01832;01059
01827;01003
01818;00960
01815;00921
01811;00856
01795;00859
01771;00871
01747;00896
01725;00890
01708;00944
01698;00996
01688;01006
01682;01011
01672;01035
01667;01041
01676;01053
01687;01074
01689;01082
01686;01078
01679;01071
01672;01080
01671;01118
01674;01170
01682;01228
01694;01331
01701;01364
01720;01375
01745;01385
01773;01414
01792;01448
01811;01439
01831;01447
01840;01463
01845;01491
01851;01465
01857;01502
01861;01566
01869;01654
01875;01715
01892;01784
01904;01823
01905;01790
01907;01725
01910;01636
01911;01559
01906;01505
01899;01473
01886;01423
01879;01369
01871;01291
01864;01275
01864;01314
01870;01364
01869;01392
01863;01419
01860;01389
01862;01312
01867;01234
01865;01180
01863;01154
01863;01122
01859;01089
01850;01051
01844;01041
01843;01051
01847;01081
01846;01121
01850;01155
01862;01169
01865;01149
01856;01141
01851;01122
01848;01109
01847;01093
01849;01072
01848;01084
01852;01122
01854;01165
01851;01207
01855;01240
01878;01257
01906;01276
01925;01276
01933;01275
01936;01269
01936;01223
01929;01148
01923;01066
01917;00998
01912;00970
01899;00969
01878;00999
01866;01041
01866;01090
01867;01153
01872;01270
01884;01360
01896;01452
01911;01540
01934;01604
01950;01647
01968;01629
01986;01603
02004;01580
02023;01526
02038;01449
02049;01429
02059;01416
02067;01387
02068;01359
02074;01330
02078;01342
02086;01372
02093;01402
02105;01435
02119;01406
02126;01339
02124;01271
02123;01220
02119;01188
02113;01182
02112;01183
02120;01152
02136;01113
02138;01087
02125;01130
02111;01191
02102;01254
02100;01314
02098;01349
02094;01390
02089;01348
02078;01329
02055;01318
02043;01296
02039;01274
02035;01273
02030;01251
02014;01214
02003;01176
01995;01118
01986;01133
01962;01159
01944;01186
01931;01210
01926;01176
01928;01097
01928;01040
01930;01011
01927;01000
01929;01009
01937;01040
01949;01067
01964;01064
01975;01054
01971;01088
01960;01139
01954;01187
01955;01237
01971;01272
01990;01286
01985;01272
01984;01241
01981;01230
01975;01228
01981;01257
02002;01307
02031;01330
02043;01320
02044;01308
02032;01280
02038;01254
02041;01248
02033;01269
02022;01293
02015;01256
01996;01188
01970;01156
01962;01144
01957;01154
01959;01185
01954;01220
01939;01234
01926;01224
01918;01234
01910;01274
01903;01329
01897;01385
01879;01449
01857;01506
01842;01548
01837;01558
01838;01546
01844;01532
01847;01494
01845;01483
01848;01487
01847;01462
01854;01441
01861;01414
01867;01399
01871;01426
01881;01501
01896;01582
01909;01658
01921;01650
01930;01603
01933;01577
01936;01561
01938;01561
01935;01585
01936;01591
01935;01610
01934;01614
01939;01629
01950;01697
01951;01783
01960;01883
01968;01990
01978;02055
01990;02059
01996;02054
02009;01985
02017;01938
02024;01888
02028;01857
02045;01885
02069;01890
02078;01833
02078;01780
02086;01745
02091;01720
02088;01743
02084;01780
02078;01827
02071;01804
02067;01719
02056;01629
02047;01565
02039;01525
02020;01511
02005;01512
01998;01525
01994;01521
01991;01545
01991;01626
01986;01714
01983;01812
01990;01926
02003;02025
02016;02095
02033;02114
02059;02077
02081;02041
02098;01969
02115;01883
02129;01793
02137;01690
02139;01582
02136;01482
02127;01397
02113;01364
02081;01368
02051;01389
02028;01417
02011;01413
01997;01407
01989;01413
01987;01428
01997;01461
02020;01510
02047;01560
02077;01586
02109;01555
02137;01531
02145;01554
02148;01597
02147;01644
02142;01697
02136;01701
02118;01655
02100;01586
02088;01526
02083;01486
02073;01433
02071;01376
02067;01323
02064;01256
02056;01182
02051;01140
02052;01138
02053;01165
02045;01216
02028;01272
02013;01315
01996;01332
01984;01310
01976;01308
01976;01302
01976;01300
01978;01303
01980;01313
01984;01324
01987;01355
01994;01420
02009;01487
02026;01545
02039;01609
02052;01693
02063;01774
02080;01828
02087;01839
02091;01797
02090;01721
02081;01627
02069;01561
02059;01539
02050;01499
02033;01451
02015;01409
01998;01373
01991;01356
01991;01386
01986;01453
01990;01513
01990;01534
01994;01522
02001;01498
02006;01454
02011;01417
02006;01417
02001;01414
01994;01417
01993;01410
01989;01425
01992;01479
01990;01560
01987;01656
01995;01786
02006;01872
02017;01909
02027;01930
02030;01912
02039;01891
02055;01847
02069;01807
02078;01785
02082;01760
02077;01716
02076;01693
02071;01687
02070;01713
02083;01735
02105;01722
02115;01704
02109;01652
02104;01561
02103;01480
02109;01394
02109;01335
02113;01287
02115;01251
02114;01248
02097;01270
02079;01337
02081;01422
02088;01516
02093;01619
02096;01738
02102;01833
02108;01908
02110;01954
02120;01944
02136;01907
02139;01821
02132;01750
02124;01713
02117;01670
02107;01609
02097;01568
02095;01551
02097;01555
02091;01607
02083;01680
02092;01731
02094;01731
02094;01686
02098;01632
02103;01581
02111;01524
02110;01474
02104;01419
02092;01379
02085;01349
02079;01371
02081;01402
02089;01425
02092;01466
02096;01524
02106;01577
02114;01583
02118;01558
02113;01511
02103;01451
02092;01377
02086;01343
02085;01369
02088;01387
02088;01393
02079;01395
02075;01427
02076;01495
02095;01583
02112;01654
02121;01708
02122;01735
02120;01695
02108;01642
02102;01594
02099;01559
02093;01538
02086;01521
02077;01476
02067;01466
02066;01513
02076;01562
02096;01614
02123;01681
02145;01747
02160;01806
02180;01798
02191;01750
02193;01711
02192;01671
02196;01587
02195;01530
02184;01531
02171;01547
02161;01559
02156;01563
02152;01604
02154;01633
02162;01641
02160;01656
02150;01675
02139;01666
02130;01611
02128;01540
02130;01459
02123;01396
02116;01374
02110;01404
02110;01469
02128;01536
02153;01648
02185;01746
02224;01796
02247;01813
02256;01857
02263;01863
02264;01842
02263;01785
02257;01697
02244;01599
02228;01468
02214;01371
02193;01350
02182;01325
02166;01272
02151;01243
02136;01220
02125;01228
02123;01278
02128;01337
02138;01398
02147;01417
02150;01399
02146;01413
02163;01420
02197;01397
02228;01376
02252;01367
02266;01350
02271;01342
02272;01342
02273;01396
02280;01467
02289;01510
02287;01551
02271;01608
02264;01641
02258;01634
02246;01582
02233;01511
02214;01427
02186;01334
02152;01281
02118;01259
02090;01254
02071;01256
02051;01275
02038;01307
02034;01374
02039;01435
02042;01479
02048;01504
02057;01464
02072;01402
02093;01337
02104;01272
02108;01216
02105;01189
02099;01176
02093;01173
02095;01199
02094;01223
02091;01264
02077;01329
02054;01400
02044;01454
02038;01488
02029;01497
02020;01478
02011;01440
02001;01379
02000;01328
02001;01320
02005;01317
02006;01308
02003;01312
02005;01336
02020;01354
02035;01392
02049;01458
02063;01518
02074;01544
02079;01517
02081;01471
02081;01436
02086;01412
02089;01410
02087;01445
02087;01465
02089;01501
02089;01565
02092;01659
02102;01769
02117;01894
02134;02008
02152;02115
02179;02161
02208;02158
02226;02132
02245;02067
02261;01989
02270;01918
02272;01879
02269;01834
02263;01786
02254;01714
02234;01671
02205;01662
02184;01696
02166;01741
02152;01768
02140;01749
02126;01680
02112;01606
02100;01542
02088;01509
02078;01512
02076;01522
02076;01525
02072;01542
02068;01577
02066;01654
02071;01762
02082;01873
02098;01983
02112;02082
02126;02161
02144;02215
02163;02219
02185;02183
02207;02140
02236;02067
02258;01990
02265;01934
02262;01880
02257;01818
02250;01741
02240;01673
02228;01669
02212;01690
02196;01723
02179;01748
02172;01746
02184;01705
02192;01655
02194;01626
02195;01620
02194;01635
02195;01632
02198;01646
02203;01646
02208;01674
02211;01682
02202;01726
02198;01785
02200;01856
02203;01923
02207;01948
02213;01917
02220;01860
02227;01796
02230;01730
02231;01726
02231;01713
02229;01681
02228;01627
02226;01557
02221;01508
02215;01527
02201;01550
02181;01596
02160;01624
02139;01617
02129;01587
02137;01553
02145;01502
02152;01475
02159;01456
02154;01433
02149;01420
02154;01395
02156;01397
02154;01427
02153;01473
02139;01540
02128;01629
02119;01702
02113;01736
02122;01738
02133;01722
02136;01724
02144;01722
02160;01744
02172;01782
02187;01820
02200;01862
02210;01890
02220;01946
02229;02011
02240;02097
02262;02156
02286;02180
02307;02160
02321;02115
02326;02070
02327;02009
02333;01984
02337;01957
02336;01932
02336;01917
02332;01912
02327;01938
02327;01969
02329;02023
02328;02092
02328;02160
02332;02205
02341;02239
02356;02232
02371;02158
02366;02081
02346;02025
02317;02017
02299;02020
02292;02012
02292;02007
02292;01987
02286;01988
02275;02051
02264;02146
02266;02211
02284;02224
02295;02178
02295;02097
02286;02005
02274;01921
02259;01881
02245;01829
02235;01754
02226;01706
02224;01699
02220;01710
02205;01745
02186;01788
02180;01833
02182;01864
02192;01843
02197;01816
02187;01772
02165;01717
02154;01674
02131;01656
02124;01666
02134;01684
02139;01707
02132;01711
02112;01732
02103;01757
02105;01821
02112;01878
02110;01910
02116;01909
02115;01847
02107;01756
02101;01663
02092;01597
02082;01568
02066;01554
02053;01542
02050;01548
02043;01538
02040;01555
02043;01600
02049;01675
02056;01721
02059;01781
02070;01813
02076;01830
02074;01790
02066;01756
02060;01750
02051;01725
02039;01724
02025;01716
02005;01722
01993;01698
01982;01664
01979;01628
01977;01656
01972;01664
01963;01678
01953;01686
01947;01652
01941;01606
01942;01577
01950;01556
01955;01576
01953;01605
01952;01630
01957;01675
01968;01708
01979;01754
01989;01827
02000;01907
02004;01974
02007;02039
02009;02058
02010;02044
02011;01989
02004;01927
01997;01867
01995;01802
01991;01751
01988;01708
01988;01665
01978;01619
01968;01589
01958;01591
01951;01626
01948;01648
01947;01666
01943;01679
01938;01639
01931;01574
01921;01520
01916;01472
01914;01455
01914;01440
01914;01427
01914;01430
01911;01429
01909;01439
01904;01462
01899;01501
01894;01529
01888;01570
01892;01558
01893;01546
01890;01498
01886;01439
01880;01385
01869;01341
01864;01337
01862;01334
01864;01343
01867;01341
01865;01356
01865;01384
01871;01435
01879;01488
01895;01529
01908;01554
01921;01535
01931;01510
01941;01480
01952;01452
01963;01454
01973;01444
01985;01426
01994;01420
01998;01432
02004;01457
02007;01508
02010;01570
02017;01625
02024;01689
02032;01692
02040;01691
02040;01674
02039;01637
02041;01595
02043;01539
02047;01494
02045;01449
02038;01417
02033;01366
02023;01344
02006;01320
01998;01324
01991;01318
01978;01315
01968;01328
01960;01296
01957;01244
01957;01176
01954;01117
01954;01082
01959;01033
01962;00986
01968;00945
01971;00900
01969;00868
01969;00860
01972;00867
01975;00876
01979;00885
01982;00865
01978;00861
01979;00833
01976;00815
01980;00792
01987;00746
01991;00726
01995;00713
01996;00703
01997;00701
01998;00698
02006;00693
02015;00705
02021;00702
02022;00712
02025;00728
02029;00714
02033;00679
02040;00643
02046;00612
02051;00594
02054;00579
02056;00596
02063;00626
02076;00642
02083;00675
02092;00714
02106;00768
02121;00804
02129;00838
02133;00869
02143;00894
02163;00875
02173;00859
02181;00837
02190;00801
02196;00784
02190;00766
02181;00763
02179;00749
02183;00725
02193;00698
02195;00684
02198;00670
02211;00664
02226;00660
02238;00629
02252;00583
02262;00542
02270;00508
02279;00497
02280;00483
02274;00480
02276;00478
02270;00486
02250;00500
02235;00526
02224;00563
02214;00593
02209;00618
02208;00606
02199;00622
02191;00619
02176;00620
02170;00604
02172;00580
02178;00581
02179;00578
02176;00584
02172;00586
02161;00605
02151;00600
02145;00604
02139;00592
02131;00585
02136;00584
02142;00549
02152;00506
02156;00461
02156;00422
02157;00390
02159;00376
02159;00369
02163;00367
02167;00376
02158;00377
02139;00384
02115;00385
02098;00403
02082;00441
02067;00471
02053;00500
02042;00514
02032;00529
02019;00536
02009;00547
02007;00581
02013;00618
02018;00639
02026;00637
02036;00632
02044;00623
02046;00631
02051;00648
02059;00677
02071;00700
02079;00681
02078;00661
02083;00643
02086;00628
02083;00633
02084;00624
02088;00614
02087;00610
02081;00603
02074;00602
02061;00620
02053;00635
02044;00646
02037;00658
02036;00656
02036;00666
02031;00656
02024;00637
02021;00601
02018;00562
02017;00537
02014;00522
02010;00506
02011;00492
02009;00470
02006;00444
02014;00440
02017;00434
02010;00437
02005;00433
02008;00403
02011;00362
02010;00322
02000;00279
01995;00242
02006;00204
02002;00177
01993;00146
01991;00122
01980;00107
01969;00105
01962;00115
01963;00126
01969;00137
01975;00149
01958;00164
01951;00168
01953;00174
01960;00170
01970;00167
01981;00177
01989;00185
01992;00193
01991;00211
01990;00221
01993;00227
01993;00232
01998;00237
02014;00237
02011;00241
02005;00232
02003;00228
02009;00231
02016;00236
02022;00265
02029;00303
02037;00354
02041;00398
02040;00432
02051;00447
02051;00466
02044;00487
02035;00505
02028;00516
02024;00507
02017;00482
02006;00442
01990;00407
01973;00386
01963;00378
01964;00386
01969;00391
01972;00400
01969;00417
01961;00436
01957;00470
01959;00503
01962;00548
01967;00602
01975;00657
01986;00681
01999;00683
02012;00684
02024;00682
02037;00707
02052;00725
02066;00742
02082;00758
02093;00769
02103;00787
02108;00828
02113;00876
02119;00902
02120;00921
02120;00913
02120;00901
02119;00875
02116;00841
02114;00813
02113;00783
02112;00769
02108;00772
02105;00797
02113;00821
02122;00852
02134;00886
02149;00948
02166;01012
02179;01074
02191;01157
02205;01167
02219;01157
02230;01129
02234;01105
02236;01092
02240;01066
02236;01026
02223;00994
02212;00960
02200;00907
02185;00909
02167;00926
02154;00960
02146;00990
02142;00999
02133;01005
02131;00984
02129;00953
02129;00927
02132;00894
02134;00881
02139;00885
02145;00888
02152;00894
02157;00907
02165;00936
02176;00993
02196;01055
02212;01111
02223;01176
02236;01179
02247;01171
02260;01165
02271;01155
02277;01156
02278;01167
02278;01182
02275;01191
02273;01202
02271;01216
02270;01274
02271;01335
02270;01393
02270;01440
02276;01496
02285;01523
02291;01516
02299;01518
02309;01512
02320;01499
02329;01503
02332;01518
02335;01522
02338;01541
02344;01529
02345;01535
02347;01562
02347;01580
02337;01632
02330;01675
02325;01656
02324;01615
02327;01564
02326;01507
02331;01467
02333;01425
02328;01406
02321;01395
02323;01366
02326;01346
02328;01364
02330;01368
02321;01403
02315;01434
02301;01447
02292;01439
02290;01394
02282;01347
02270;01297
02258;01249
02243;01229
02224;01235
02213;01235
02204;01242
02198;01248
02193;01283
02189;01346
02196;01385
02199;01425
02198;01447
02203;01396
02214;01329
02219;01255
02221;01177
02221;01133
02220;01104
02223;01065
02217;01064
02222;01068
02229;01090
02233;01158
02233;01224
02237;01296
02244;01373
02254;01409
02261;01423
02262;01435
02267;01414
02270;01380
02274;01331
02277;01307
02280;01294
02281;01273
02282;01245
02279;01237
02280;01236
02295;01249
02312;01285
02330;01327
02345;01379
02361;01364
02381;01343
02402;01305
02410;01246
02404;01208
02398;01178
02381;01161
02361;01148
02339;01129
02322;01107
02305;01113
02287;01119
02269;01157
02259;01214
02264;01256
02264;01275
02262;01277
02265;01241
02266;01218
02265;01193
02265;01195
02266;01211
02268;01218
02286;01201
02302;01170
02304;01138
02300;01110
02288;01097
02278;01065
02266;01038
02252;00969
02241;00871
02225;00773
02198;00703
02162;00639
02138;00586
02123;00520
02113;00458
02101;00388
02083;00313
02063;00258
02030;00220
01993;00183
01956;00144
01919;00105
01884;00066
01849;00036
01812;00011
01775;00003
01744;00000
01715;00000
01689;00000
01667;00000
01648;00000
01633;00000
01618;00000
01606;00000
01594;00000
01584;00000
01575;00000
01567;00000
01562;00000
01560;00000
01556;00000
01550;00000
01545;00000
01540;00000
01536;00000
01532;00000
01528;00000
01524;00000
01520;00000
01515;00000
01514;00000
01514;00000
01515;00000
01514;00000
01512;00000
01511;00000
01508;00000
01506;00000
01504;00000
01503;00000
01501;00000
01499;00000
01498;00000
01497;00000
01496;00000
01495;00000
01495;00000
01495;00000
01496;00000
01496;00000
01497;00000
01497;00000
01498;00000
01500;00000
01501;00000
01503;00000
01504;00000
01506;00000
01508;00000
01509;00000
01510;00000
01510;00000
01509;00000
01507;00000
01506;00000
01505;00000
01505;00000
01504;00000
01504;00000
01503;00000
01502;00000
01502;00000
01502;00000
01506;00000
01512;00005
01519;00012
01528;00025
01540;00041
01553;00049
01569;00064
01586;00082
01604;00102
01623;00120
01639;00138
01655;00156
01670;00180
01684;00205
01698;00233
01710;00275
01722;00317
01734;00357
01744;00392
01753;00440
01764;00488
01775;00505
01785;00514
01794;00518
01801;00534
01811;00545
01815;00536
01814;00528
01816;00535
01818;00531
01818;00534
01815;00570
01813;00611
01811;00655
01808;00673
01800;00672
01796;00685
01798;00700
01797;00721
01796;00746
01794;00758
01793;00773
01793;00786
01791;00794
01789;00806
01790;00823
01787;00832
01784;00842
01783;00822
01779;00800
01775;00785
01772;00753
01770;00720
01770;00687
01771;00680
01772;00673
01773;00667
01774;00647
01774;00631
01774;00603
01776;00580
01776;00566
01773;00547
01769;00527
01764;00490
01762;00448
01763;00412
01764;00383
01766;00375
01769;00378
01774;00368
01776;00351
01778;00344
01779;00337
01779;00314
01777;00315
01775;00319
01774;00327
01776;00323
01776;00317
01774;00316
01773;00315
01775;00307
01778;00298
01783;00323
01790;00333
01799;00337
01806;00333
01812;00332
01819;00327
01825;00328
01834;00335
01842;00347
01853;00357
01862;00347
01874;00332
01887;00322
01899;00317
01912;00316
01921;00321
01930;00317
01936;00313
01938;00314
01940;00322
01945;00326
01942;00353
01935;00386
01933;00429
01932;00454
01930;00470
01926;00491
01928;00486
01933;00471
01938;00453
01947;00450
01956;00433
01959;00419
01960;00399
01960;00396
01969;00403
01982;00419
01993;00462
02003;00507
02018;00550
02029;00573
02041;00575
02050;00567
02054;00554
02055;00559
02059;00571
02066;00583
02077;00590
02088;00604
02097;00614
02103;00631
02114;00667
02136;00706
02161;00738
02185;00744
02201;00746
02211;00729
02220;00686
02223;00643
02222;00601
02224;00572
02230;00553
02260;00516
02278;00482
02276;00447
02267;00411
02268;00387
02264;00393
02261;00398
02260;00410
02257;00413
02256;00385
02230;00366
02204;00354
02202;00362
02214;00370
02216;00370
02218;00365
02225;00356
02231;00340
02239;00313
02242;00311
02242;00318
02248;00324
02259;00318
02260;00327
02265;00330
02270;00332
02276;00337
02288;00337
02299;00359
02318;00372
02341;00368
02346;00358
02342;00352
02345;00327
02351;00313
02347;00305
02342;00304
02334;00309
02324;00304
02309;00299
02294;00311
02296;00334
02303;00364
02309;00401
02324;00437
02373;00438
02403;00434
02413;00427
02416;00408
02410;00397
02396;00392
02385;00384
02375;00376
02365;00359
02346;00342
02301;00347
02272;00358
02266;00382
02266;00430
02274;00484
02296;00529
02319;00568
02338;00587
02352;00610
02360;00645
02368;00688
02370;00741
02367;00779
02369;00795
02369;00792
02359;00792
02347;00802
02348;00830
02359;00827
02364;00793
02350;00756
02337;00708
02321;00674
02306;00660
02292;00686
02282;00714
02279;00736
02271;00727
02256;00745
02253;00766
02270;00769
02301;00746
02329;00711
02344;00677
02346;00641
02344;00609
02332;00582
02318;00579
02306;00583
02301;00615
02298;00686
02291;00765
02286;00833
02289;00877
02301;00883
02320;00871
02355;00826
02381;00785
02400;00731
02401;00680
02397;00616
02395;00581
02395;00558
02394;00561
02396;00589
02397;00632
02381;00698
02374;00751
02373;00817
02385;00871
02401;00895
02409;00900
02422;00910
02439;00923
02464;00930
02487;00913
02499;00887
02503;00865
02507;00842
02501;00839
02492;00872
02486;00901
02478;00936
02469;00937
02452;00921
02438;00931
02439;00957
02444;01006
02451;01079
02473;01132
02490;01178
02511;01216
02537;01231
02556;01252
02567;01292
02571;01347
02572;01400
02580;01409
02582;01402
02584;01378
02592;01330
02589;01301
02582;01284
02585;01285
02591;01309
02603;01308
02615;01283
02622;01254
02625;01211
02618;01184
02599;01191
02582;01195
02565;01205
02549;01192
02540;01132
02538;01068
02531;01026
02517;01022
02507;01046
02505;01077
02510;01090
02521;01110
02537;01116
02552;01152
02561;01195
02561;01250
02559;01282
02562;01313
02570;01311
02577;01301
02586;01281
02596;01251
02614;01224
02629;01196
02638;01190
02641;01172
02641;01162
02642;01136
02641;01114
02639;01088
02643;01058
02636;01037
02609;01036
02582;01007
02564;00955
02554;00913
02550;00883
02547;00867
02543;00882
02534;00911
02517;00946
02514;00968
02513;00983
02510;01019
02499;01089
02497;01149
02499;01206
02497;01264
02498;01304
02510;01343
02522;01355
02530;01377
02558;01382
02594;01375
02618;01377
02626;01390
02637;01421
02654;01435
02665;01440
02672;01432
02684;01432
02686;01419
02675;01414
02653;01413
02643;01364
02645;01315
02647;01248
02644;01215
02647;01216
02653;01220
02648;01246
02653;01297
02652;01327
02666;01351
02685;01387
02687;01418
02691;01439
02697;01426
02698;01369
02686;01314
02664;01239
02637;01153
02616;01100
02593;01070
02569;01072
02558;01094
02547;01127
02536;01167
02521;01216
02517;01277
02528;01365
02546;01453
02570;01551
02595;01586
02611;01557
02623;01510
02630;01471
02633;01448
02646;01433
02651;01411
02654;01390
02657;01372
02654;01307
02640;01309
02627;01358
02626;01421
02629;01482
02634;01529
02627;01586
02630;01597
02633;01588
02635;01584
02642;01617
02658;01609
02678;01633
02687;01628
02700;01603
02721;01546
02739;01454
02737;01407
02729;01380
02722;01340
02713;01293
02701;01260
02699;01159
02704;01053
02701;00967
02680;00923
02656;00924
02652;00927
02653;00935
02658;00955
02666;00957
02680;00955
02683;00962
02669;01013
02652;01058
02646;01115
02649;01146
02654;01162
02663;01153
02678;01133
02693;01119
02696;01109
02699;01130
02709;01146
02720;01161
02732;01155
02746;01146
02763;01151
02780;01170
02786;01183
02786;01207
02781;01226
02783;01204
02797;01144
02809;01083
02814;01029
02812;01004
02804;00980
02789;00967
02771;00979
02756;00987
02751;01001
02742;01043
02719;01107
02711;01161
02714;01215
02723;01247
02731;01262
02739;01241
02752;01201
02780;01167
02793;01155
02804;01179
02820;01209
02831;01249
02841;01278
02858;01277
02882;01272
02908;01294
02925;01303
02926;01311
02931;01285
02940;01193
02935;01099
02917;01016
02894;00946
02866;00937
02837;00944
02809;00964
02792;01027
02783;01078
02779;01158
02773;01273
02781;01371
02794;01438
02803;01498
02809;01523
02815;01550
02821;01528
02825;01483
02836;01416
02834;01345
02828;01299
02830;01273
02837;01270
02848;01271
02869;01288
02884;01319
02896;01395
02909;01476
02906;01577
02917;01625
02935;01623
02945;01584
02946;01545
02945;01513
02939;01509
02937;01496
02932;01490
02929;01481
02918;01485
02916;01549
02908;01646
02904;01780
02917;01869
02927;01920
02924;01910
02922;01874
02926;01799
02922;01732
02920;01653
02912;01561
02907;01500
02902;01446
02882;01436
02862;01451
02855;01487
02847;01558
02833;01653
02826;01704
02828;01737
02824;01734
02811;01676
02799;01610
02797;01551
02793;01492
02794;01461
02795;01402
02784;01362
02771;01335
02755;01324
02746;01346
02748;01367
02746;01398
02736;01419
02735;01453
02739;01459
02735;01470
02739;01440
02744;01442
02755;01437
02759;01441
02757;01505
02763;01549
02776;01573
02785;01569
02778;01543
02772;01529
02769;01537
02767;01527
02762;01535
02765;01494
02772;01382
02777;01272
02775;01191
02763;01132
02747;01119
02730;01105
02717;01101
02704;01099
02694;01087
02677;01135
02665;01212
02664;01270
02664;01303
02658;01349
02656;01366
02656;01368
02655;01341
02656;01319
02660;01311
02667;01292
02667;01324
02655;01371
02648;01417
02644;01424
02640;01426
02637;01439
02639;01478
02637;01512
02631;01540
02624;01540
02618;01455
02612;01375
02596;01320
02583;01303
02576;01309
02576;01302
02569;01293
02558;01285
02549;01261
02542;01280
02536;01341
02528;01403
02533;01458
02547;01503
02564;01527
02576;01558
02592;01553
02610;01541
02620;01540
02634;01514
02653;01499
02668;01500
02675;01506
02684;01487
02693;01475
02691;01474
02686;01520
02686;01578
02695;01648
02708;01669
02711;01630
02706;01582
02703;01527
02698;01489
02702;01455
02711;01416
02725;01387
02745;01340
02757;01274
02751;01280
02744;01340
02745;01403
02751;01465
02755;01527
02748;01572
02746;01600
02740;01582
02728;01578
02719;01584
02721;01580
02732;01609
02749;01630
02770;01637
02791;01648
02809;01670
02825;01685
02827;01710
02826;01722
02832;01738
02828;01726
02824;01639
02821;01545
02808;01476
02795;01403
02782;01351
02771;01324
02770;01350
02772;01376
02771;01409
02772;01489
02775;01623
02783;01734
02794;01816
02801;01877
02814;01913
02820;01920
02836;01854
02856;01797
02861;01730
02864;01651
02861;01597
02852;01571
02840;01561
02829;01580
02817;01591
02817;01615
02805;01682
02787;01755
02784;01839
02782;01872
02785;01824
02792;01774
02805;01707
02822;01632
02828;01605
02823;01588
02825;01570
02823;01541
02817;01508
02814;01520
02807;01566
02793;01602
02778;01650
02764;01701
02770;01705
02784;01702
02792;01684
02805;01682
02825;01648
02839;01591
02850;01538
02856;01495
02857;01463
02856;01418
02850;01388
02843;01355
02837;01323
02821;01281
02794;01269
02772;01261
02753;01216
02743;01182
02739;01147
02737;01120
02733;01103
02725;01079
02718;01074
02718;01070
02719;01058
02717;01065
02717;01108
02718;01138
02718;01168
02712;01198
02707;01227
02704;01263
02709;01248
02705;01222
02702;01198
02698;01183
02693;01193
02690;01215
02686;01221
02686;01221
02685;01218
02684;01211
02674;01235
02675;01258
02686;01274
02699;01268
02710;01200
02724;01134
02735;01092
02739;01065
02744;01037
02741;01029
02747;01051
02757;01076
02761;01091
02759;01126
02761;01203
02762;01265
02767;01334
02774;01394
02776;01457
02783;01504
02785;01495
02784;01496
02786;01498
02794;01479
02795;01466
02793;01465
02792;01449
02796;01436
02803;01431
02810;01444
02820;01497
02826;01531
02833;01571
02838;01596
02851;01575
02861;01551
02873;01518
02895;01484
02906;01462
02915;01424
02918;01390
02917;01373
02914;01363
02917;01357
02915;01369
02912;01383
02910;01421
02896;01458
02894;01480
02898;01484
02899;01461
02906;01428
02917;01369
02920;01332
02927;01346
02937;01369
02947;01377
02954;01387
02959;01378
02963;01396
02975;01441
02990;01492
03002;01585
03019;01635
03039;01604
03055;01546
03061;01490
03068;01444
03073;01418
03078;01399
03081;01389
03087;01392
03093;01372
03093;01390
03086;01450
03086;01523
03093;01603
03100;01659
03093;01672
03077;01667
03062;01625
03048;01565
03039;01504
03031;01455
03023;01426
03009;01390
02995;01348
02976;01306
02971;01296
02973;01300
02978;01333
02976;01383
02964;01449
02960;01485
02956;01476
02957;01468
02959;01471
02971;01484
02983;01528
02994;01569
03004;01576
03004;01572
03002;01570
02990;01584
02972;01627
02952;01659
02926;01688
02898;01712
02873;01706
02847;01688
02820;01683
02802;01677
02792;01659
02790;01640
02794;01650
02796;01677
02800;01671
02798;01668
02791;01656
02783;01655
02777;01664
02772;01683
02769;01707
02769;01711
02768;01654
02774;01593
02777;01546
02777;01509
02778;01488
02784;01471
02789;01456
02803;01420
02817;01360
02815;01352
02812;01377
02810;01393
02811;01425
02811;01458
02817;01481
02820;01475
02821;01423
02805;01388
02784;01374
02773;01342
02761;01339
02743;01354
02727;01364
02720;01370
02717;01357
02713;01355
02705;01396
02703;01444
02705;01483
02705;01501
02708;01452
02709;01402
02711;01351
02706;01307
02697;01291
02693;01300
02700;01316
02703;01323
02707;01340
02712;01371
02714;01418
02720;01456
02725;01503
02732;01538
02742;01559
02744;01560
02745;01528
02768;01480
02782;01432
02788;01396
02794;01415
02799;01435
02807;01439
02818;01434
02829;01404
02834;01391
02834;01421
02812;01477
02798;01550
02800;01585
02805;01547
02810;01512
02817;01485
02819;01469
02818;01506
02827;01540
02840;01526
02852;01511
02857;01488
02855;01504
02851;01541
02849;01572
02848;01608
02856;01606
02862;01575
02861;01538
02854;01525
02853;01495
02856;01450
02867;01392
02883;01372
02895;01334
02897;01288
02891;01284
02895;01270
02901;01245
02906;01231
02910;01219
02908;01210
02901;01200
02889;01125
02880;01064
02871;01022
02869;00973
02858;00953
02842;00955
02828;00958
02809;00976
02796;00995
02788;01020
02785;01094
02776;01170
02776;01247
02774;01313
02776;01348
02782;01373
02793;01371
02805;01340
02819;01316
02824;01293
02826;01282
02832;01277
02838;01265
02845;01266
02850;01286
02853;01308
02855;01346
02861;01402
02869;01446
02880;01472
02895;01437
02911;01392
02916;01343
02919;01304
02922;01268
02923;01239
02926;01214
02929;01194
02929;01177
02934;01171
02929;01192
02919;01218
02916;01251
02911;01278
02914;01289
02920;01303
02924;01281
02923;01244
02917;01206
02906;01175
02904;01179
02909;01188
02912;01182
02908;01167
02896;01158
02880;01146
02867;01179
02856;01228
02855;01283
02852;01322
02846;01304
02841;01275
02842;01232
02850;01187
02847;01157
02847;01134
02846;01107
02849;01066
02844;01020
02838;00997
02834;01002
02836;01015
02828;01066
02820;01110
02821;01147
02823;01169
02822;01162
02821;01151
02829;01135
02838;01112
02843;01126
02832;01149
02829;01164
02838;01182
02852;01181
02860;01179
02865;01201
02866;01236
02867;01282
02872;01308
02883;01267
02898;01223
02905;01193
02906;01163
02900;01161
02902;01177
02911;01183
02922;01189
02930;01189
02930;01226
02926;01294
02918;01371
02911;01432
02903;01503
02902;01543
02900;01570
02899;01585
02898;01594
02900;01610
02907;01614
02921;01642
02942;01647
02963;01633
02992;01607
03008;01598
03022;01591
03033;01616
03042;01651
03053;01681
03059;01679
03060;01629
03050;01598
03047;01590
03039;01580
03040;01602
03050;01594
03066;01572
03074;01541
03075;01503
03073;01469
03067;01441
03068;01404
03072;01360
03061;01344
03052;01286
03037;01252
03012;01220
02996;01196
02991;01181
02984;01171
02980;01188
02965;01204
02945;01218
02936;01212
02929;01212
02919;01218
02914;01235
02912;01255
02903;01255
02893;01271
02886;01240
02888;01211
02893;01179
02902;01129
02917;01096
02925;01078
02929;01071
02931;01064
02927;01086
02931;01122
02935;01193
02938;01260
02938;01318
02935;01356
02934;01368
02937;01370
02941;01326
02941;01265
02945;01187
02943;01094
02938;01029
02929;00962
02917;00903
02905;00873
02886;00851
02869;00822
02850;00823
02830;00847
02813;00874
02801;00906
02795;00879
02798;00848
02807;00834
02816;00837
02823;00866
02832;00897
02844;00938
02860;00975
02882;01001
02908;01000
02919;01026
02918;01070
02909;01119
02904;01144
02899;01140
02897;01126
02897;01095
02893;01057
02882;01019
02872;00986
02872;00988
02877;00976
02885;00936
02884;00904
02882;00882
02886;00866
02893;00862
02901;00865
02903;00868
02897;00887
02888;00854
02878;00822
02872;00813
02876;00803
02874;00813
02863;00838
02845;00870
02829;00882
02825;00886
02829;00883
02834;00896
02838;00910
02835;00909
02829;00926
02830;00925
02834;00916
02842;00881
02852;00865
02857;00863
02855;00874
02859;00908
02870;00930
02885;00952
02905;00957
02914;00948
02926;00940
02927;00951
02921;00959
02913;00969
02914;00973
02921;00931
02915;00895
02908;00864
02897;00834
02891;00842
02890;00845
02902;00849
02906;00863
02912;00894
02910;00915
02901;00961
02898;01012
02896;01053
02897;01099
02905;01116
02898;01132
02887;01129
02888;01101
02891;01053
02893;01023
02898;01014
02906;01015
02918;01035
02927;01037
02926;01040
02933;01042
02937;01051
02939;01086
02941;01129
02942;01177
02943;01182
02942;01158
02939;01128
02955;01106
02967;01118
02973;01140
02975;01176
02983;01189
02990;01200
03001;01203
03021;01215
03043;01252
03049;01281
03026;01311
03011;01295
03000;01295
02997;01247
02990;01187
02976;01117
02961;01054
02933;01024
02902;01011
02885;01014
02883;01035
02880;01071
02886;01085
02888;01123
02895;01160
02902;01207
02922;01228
02925;01212
02926;01174
02929;01137
02935;01106
02941;01083
02938;01068
02940;01050
02943;01043
02944;01046
02928;01072
02935;01132
02947;01219
02954;01311
02962;01350
02977;01367
02990;01363
02993;01338
02986;01322
02984;01301
02988;01276
02987;01257
02983;01229
02985;01201
02983;01206
02979;01220
02975;01241
02981;01295
02995;01360
03010;01414
03021;01462
03039;01442
03070;01391
03101;01311
03104;01240
03096;01194
03089;01171
03081;01155
03079;01138
03080;01136
03083;01142
03090;01169
03093;01199
03072;01239
03067;01271
03068;01270
03073;01243
03066;01201
03054;01154
03037;01092
03021;01037
02995;01031
02955;01058
02936;01099
02927;01135
02923;01179
02927;01223
02944;01268
02972;01319
02986;01379
02990;01437
03001;01445
03014;01426
03025;01397
03032;01370
03040;01366
03046;01355
03050;01339
03035;01314
03027;01309
03027;01295
03020;01312
03016;01347
03029;01355
03034;01362
03040;01336
03034;01323
03017;01324
03019;01323
03031;01288
03042;01247
03051;01215
03053;01196
03041;01201
03040;01194
03039;01202
03043;01208
03051;01229
03054;01261
03054;01298
03059;01346
03069;01333
03087;01287
03103;01254
03119;01247
03148;01252
03178;01262
03201;01280
03213;01311
03224;01359
03231;01391
03233;01482
03233;01595
03231;01687
03228;01740
03205;01755
03183;01765
03166;01740
03159;01690
03152;01639
03153;01581
03151;01520
03141;01477
03136;01444
03130;01423
03128;01421
03128;01416
03131;01440
03132;01479
03128;01509
03113;01565
03107;01559
03110;01503
03109;01437
03095;01383
03075;01358
03059;01349
03052;01307
03047;01264
03057;01223
03064;01163
03065;01168
03058;01213
03053;01270
03057;01317
03064;01320
03068;01293
03061;01272
03045;01233
03016;01176
02989;01128
02966;01093
02953;01054
02939;01023
02924;01013
02909;01034
02894;01056
02884;01087
02883;01114
02881;01156
02882;01215
02883;01216
02879;01196
02877;01169
02884;01145
02894;01147
02899;01195
02904;01252
02909;01331
02918;01421
02930;01491
02943;01599
02966;01708
02995;01769
03019;01791
03022;01786
03022;01753
03021;01718
03023;01674
03025;01616
03032;01547
03035;01472
03020;01436
02997;01431
02977;01458
02977;01482
02982;01499
02987;01512
02987;01530
02992;01541
02989;01547
02985;01527
02982;01465
02981;01419
02983;01384
02979;01382
02973;01415
02971;01447
02979;01472
02978;01523
02984;01564
02998;01619
03015;01680
03028;01730
03033;01761
03043;01763
03053;01725
03060;01686
03060;01623
03061;01553
03061;01505
03058;01484
03063;01480
03071;01453
03071;01425
03069;01399
03073;01389
03077;01384
03075;01402
03076;01414
03074;01431
03062;01399
03045;01343
03025;01319
03018;01291
03019;01267
03012;01250
03002;01230
03008;01207
03012;01189
03008;01160
03005;01173
03004;01213
03003;01261
02998;01310
02997;01354
03001;01383
03011;01392
03010;01398
03005;01398
03013;01408
03022;01410
03030;01423
03031;01417
03034;01410
03034;01405
03036;01394
03033;01395
03031;01423
03033;01447
03037;01488
03049;01485
03063;01454
03082;01425
03093;01409
03099;01397
03100;01408
03098;01429
03096;01456
03102;01490
03095;01526
03085;01650
03079;01781
03071;01900
03072;01988
03079;02025
03085;02021
03086;02000
03082;01946
03068;01907
03060;01841
03053;01750
03041;01707
03031;01674
03022;01676
03010;01723
02998;01774
02997;01830
02998;01894
03005;01932
03020;01990
03034;01995
03047;01941
03063;01916
03082;01875
03108;01848
03130;01879
03147;01917
03168;01954
03191;01963
03209;01943
03212;01983
03208;02031
03199;02061
03176;02094
03146;02101
03124;02050
03102;01981
03080;01917
03056;01900
03031;01898
03024;01879
03023;01905
03027;01904
03035;01907
03042;01933
03050;01974
03067;02030
03081;02077
03100;02092
03113;02085
03111;02035
03113;01926
03110;01836
03108;01745
03105;01664
03105;01619
03105;01580
03108;01570
03109;01588
03115;01611
03120;01673
03124;01741
03124;01811
03125;01857
03129;01865
03133;01834
03130;01796
03119;01722
03106;01634
03084;01562
03073;01507
03067;01477
03066;01426
03064;01380
03062;01352
03052;01341
03049;01343
03052;01366
03055;01392
03062;01414
03066;01395
03063;01331
03054;01297
03052;01263
03055;01230
03054;01207
03042;01181
03030;01166
03012;01163
02990;01189
02972;01251
02958;01358
02956;01453
02965;01550
02979;01597
02983;01623
02988;01662
02990;01662
02994;01667
03003;01647
03016;01618
03031;01592
03045;01542
03042;01509
03020;01530
03016;01565
03021;01584
03037;01611
03054;01626
03070;01643
03078;01632
03082;01584
03085;01573
03085;01564
03097;01566
03112;01561
03121;01540
03107;01547
03091;01544
03080;01539
03064;01581
03047;01633
