032
1.29
PD500-0212
001157 001239 001049
1.11 1.40 1.30
CORE ELEA 2 2ND
19.06.2015
16:59:19
010
10000
05014
1
05000
03750
0150
5000
0055
0390
01710
01136
4
1
1
1
1
1
+02,0
089,2
+03,2
006,9
0
0
0
0
0
000
00000
0
0
000
000
00000
0
0
0
000
00000


0
0
0
00000
000
00000
0
000
000
000
00000
00000
000
000
00000
000
000
00000
000
000
00000
0
0
0
00000
00000
000
000
00,0
000
000
000
00000
000
000
0
0
0
00000
000
00000
000
000
0
0
0
00000
00000
00000
00000
00000
00000
0
0
000
00000
000
0
000
00000
000
0
00000
000000




00000-00000: 
00000-00000: 
00000-00000: 
00000-00000: 
00000-00000: 
00000-00000: 
ELEA 02





00000;00000
00000;00000
00000;00000
00000;00000
00000;00000
00000;00000
00000;00000
00000;00000
00000;00001
00000;00001
00000;00001
00000;00002
00000;00003
00000;00003
00000;00003
00000;00003
00000;00005
00000;00005
00000;00004
00000;00004
00000;00004
00000;00003
00000;00002
00000;00002
00000;00004
00000;00009
00000;00009
00000;00011
00000;00014
00000;00039
00000;00051
00000;00052
00002;00052
00003;00052
00005;00073
00007;00074
00011;00082
00012;00089
00014;00124
00017;00124
00021;00133
00027;00146
00030;00155
00032;00166
00034;00153
00036;00162
00041;00174
00049;00184
00059;00159
00067;00140
00069;00119
00067;00108
00069;00104
00072;00102
00075;00100
00076;00093
00074;00079
00068;00073
00063;00073
00057;00080
00054;00094
00052;00108
00052;00115
00054;00117
00054;00121
00055;00122
00058;00124
00062;00123
00065;00128
00069;00129
00076;00128
00082;00125
00085;00128
00084;00134
00085;00137
00087;00144
00089;00157
00091;00176
00094;00182
00096;00184
00098;00182
00100;00186
00102;00189
00103;00185
00103;00182
00102;00188
00101;00202
00102;00208
00105;00217
00109;00227
00114;00232
00117;00224
00116;00210
00119;00205
00125;00206
00133;00191
00136;00164
00137;00139
00134;00127
00130;00124
00127;00132
00127;00142
00132;00149
00132;00151
00129;00151
00122;00170
00121;00194
00123;00210
00126;00201
00133;00191
00133;00186
00132;00192
00132;00204
00136;00213
00142;00212
00147;00200
00147;00186
00148;00181
00147;00189
00145;00194
00145;00191
00144;00176
00142;00159
00140;00147
00139;00144
00138;00136
00139;00129
00136;00124
00136;00122
00134;00125
00134;00135
00135;00141
00138;00147
00139;00149
00139;00155
00140;00166
00142;00174
00143;00171
00146;00165
00150;00152
00150;00132
00148;00125
00147;00119
00145;00132
00146;00146
00146;00146
00145;00136
00143;00131
00141;00124
00136;00123
00136;00127
00137;00126
00137;00119
00137;00097
00134;00069
00128;00053
00124;00053
00122;00058
00119;00078
00120;00097
00122;00120
00123;00142
00126;00172
00131;00200
00134;00234
00140;00266
00148;00282
00154;00288
00159;00277
00161;00270
00162;00259
00165;00259
00166;00273
00171;00292
00178;00305
00183;00319
00189;00325
00192;00330
00192;00348
00196;00363
00199;00374
00200;00376
00200;00356
00196;00334
00193;00316
00193;00298
00193;00296
00194;00294
00196;00290
00194;00276
00187;00259
00176;00239
00161;00233
00147;00229
00131;00220
00114;00209
00095;00197
00077;00190
00062;00184
00050;00198
00049;00231
00058;00291
00078;00353
00100;00414
00122;00473
00145;00533
00167;00592
00191;00640
00211;00676
00226;00696
00235;00701
00240;00686
00241;00647
00242;00602
00245;00568
00250;00535
00254;00509
00257;00499
00265;00504
00278;00510
00294;00510
00306;00502
00309;00513
00313;00527
00315;00533
00315;00534
00316;00538
00319;00532
00319;00503
00314;00481
00308;00468
00304;00472
00308;00479
00313;00483
00316;00489
00319;00498
00323;00499
00326;00504
00329;00514
00335;00528
00341;00546
00346;00556
00350;00549
00356;00543
00363;00539
00368;00538
00374;00550
00381;00563
00389;00592
00399;00604
00408;00614
00418;00621
00426;00642
00430;00674
00434;00717
00440;00761
00445;00790
00450;00800
00464;00773
00472;00748
00469;00721
00459;00700
00450;00684
00442;00669
00436;00638
00431;00601
00424;00568
00418;00552
00403;00571
00394;00603
00400;00636
00412;00661
00426;00661
00441;00648
00455;00633
00472;00614
00484;00603
00490;00598
00497;00590
00498;00575
00496;00570
00495;00570
00496;00591
00501;00618
00506;00651
00511;00693
00524;00725
00543;00735
00555;00728
00562;00715
00568;00698
00573;00684
00576;00673
00575;00657
00570;00641
00567;00620
00563;00603
00567;00599
00575;00606
00582;00624
00583;00633
00583;00629
00586;00611
00587;00592
00586;00577
00583;00567
00576;00570
00562;00581
00549;00614
00548;00628
00555;00636
00560;00648
00559;00661
00559;00669
00561;00681
00564;00689
00565;00696
00562;00704
00561;00684
00557;00664
00556;00651
00553;00644
00552;00664
00557;00686
00563;00694
00567;00701
00573;00700
00579;00696
00589;00704
00604;00728
00619;00736
00625;00730
00628;00692
00634;00648
00634;00611
00624;00583
00608;00563
00593;00543
00573;00530
00545;00515
00514;00516
00495;00521
00480;00537
00457;00572
00443;00620
00438;00672
00440;00717
00446;00731
00451;00720
00456;00715
00462;00718
00471;00733
00483;00764
00498;00771
00511;00748
00516;00730
00525;00709
00529;00719
00536;00736
00542;00740
00540;00739
00535;00721
00530;00682
00520;00645
00508;00619
00502;00574
00488;00534
00475;00500
00464;00482
00460;00458
00468;00429
00472;00404
00473;00393
00473;00393
00474;00395
00479;00407
00491;00414
00507;00404
00520;00382
00523;00374
00520;00371
00524;00364
00528;00361
00539;00355
00554;00355
00557;00359
00559;00356
00555;00361
00551;00369
00549;00382
00546;00396
00539;00415
00535;00427
00525;00428
00510;00429
00506;00422
00501;00425
00496;00428
00489;00442
00485;00443
00481;00446
00477;00452
00476;00458
00475;00477
00478;00490
00483;00500
00486;00500
00488;00500
00494;00494
00501;00489
00505;00482
00515;00468
00524;00455
00524;00464
00519;00487
00514;00515
00511;00542
00509;00560
00506;00575
00501;00598
00501;00615
00502;00631
00498;00642
00499;00625
00503;00590
00500;00558
00496;00538
00490;00535
00483;00543
00479;00537
00471;00542
00461;00557
00453;00574
00449;00600
00443;00634
00442;00668
00440;00686
00441;00693
00442;00685
00442;00671
00442;00650
00439;00629
00436;00613
00436;00602
00445;00582
00453;00552
00459;00529
00468;00505
00472;00488
00482;00488
00495;00490
00507;00483
00519;00474
00527;00446
00524;00420
00521;00392
00521;00369
00516;00357
00517;00349
00515;00338
00509;00332
00503;00336
00493;00340
00483;00358
00480;00378
00475;00403
00471;00425
00468;00439
00461;00448
00452;00453
00446;00451
00443;00447
00448;00445
00465;00443
00478;00434
00491;00431
00505;00426
00522;00418
00538;00406
00548;00400
00552;00404
00551;00406
00546;00407
00529;00394
00515;00384
00503;00364
00492;00353
00480;00351
00472;00361
00468;00373
00467;00373
00467;00381
00467;00382
00465;00388
00466;00396
00467;00411
00465;00415
00469;00415
00479;00410
00495;00400
00511;00384
00521;00366
00534;00359
00544;00366
00552;00373
00557;00379
00561;00389
00558;00392
00551;00390
00543;00393
00534;00409
00530;00414
00523;00418
00521;00411
00520;00402
00520;00395
00522;00389
00525;00394
00525;00408
00521;00418
00520;00427
00521;00449
00525;00461
00526;00473
00533;00482
00540;00491
00541;00503
00540;00507
00540;00508
00544;00508
00548;00495
00554;00473
00560;00454
00566;00450
00567;00453
00566;00463
00570;00469
00576;00475
00582;00479
00585;00488
00590;00508
00591;00525
00590;00541
00592;00545
00594;00544
00601;00533
00608;00524
00612;00525
00618;00532
00622;00530
00626;00534
00632;00549
00638;00559
00641;00576
00645;00597
00647;00627
00651;00658
00662;00680
00672;00699
00685;00710
00698;00705
00709;00698
00721;00706
00737;00727
00756;00743
00773;00756
00786;00774
00796;00799
00808;00812
00820;00844
00830;00876
00841;00899
00852;00919
00864;00908
00875;00898
00890;00882
00904;00866
00915;00867
00922;00881
00928;00891
00937;00910
00951;00932
00958;00944
00955;00971
00949;01003
00937;01055
00927;01088
00916;01086
00904;01064
00892;01025
00882;00977
00874;00935
00869;00906
00866;00900
00868;00893
00871;00871
00874;00856
00879;00842
00891;00819
00895;00804
00886;00796
00876;00779
00862;00758
00855;00712
00866;00654
00859;00599
00841;00556
00820;00527
00789;00521
00769;00521
00758;00532
00739;00549
00724;00555
00705;00560
00661;00577
00633;00589
00620;00595
00613;00612
00610;00623
00603;00627
00601;00610
00604;00595
00605;00585
00606;00595
00607;00614
00606;00634
00606;00649
00609;00645
00608;00649
00607;00668
00607;00696
00608;00707
00617;00710
00640;00689
00658;00654
00661;00613
00663;00572
00660;00538
00660;00521
00661;00497
00655;00479
00646;00479
00634;00482
00610;00492
00593;00500
00597;00516
00603;00537
00609;00551
00614;00548
00619;00545
00622;00530
00626;00504
00631;00482
00628;00469
00624;00453
00632;00438
00632;00428
00635;00425
00640;00429
00637;00432
00639;00452
00640;00482
00638;00516
00646;00529
00648;00538
00631;00543
00615;00541
00595;00531
00575;00525
00566;00518
00559;00511
00553;00503
00543;00491
00532;00490
00529;00505
00532;00519
00541;00528
00550;00542
00559;00548
00562;00566
00563;00560
00566;00549
00576;00539
00587;00542
00599;00541
00606;00541
00613;00542
00616;00547
00622;00550
00632;00543
00643;00553
00648;00556
00648;00559
00644;00556
00637;00542
00631;00525
00624;00513
00620;00502
00613;00502
00603;00499
00595;00499
00596;00512
00594;00525
00596;00524
00599;00535
00608;00553
00624;00569
00639;00583
00647;00587
00649;00593
00646;00580
00643;00563
00644;00537
00646;00525
00645;00521
00640;00513
00634;00504
00626;00495
00625;00489
00627;00482
00629;00495
00627;00513
00622;00532
00611;00542
00603;00543
00598;00534
00585;00526
00581;00519
00585;00515
00592;00513
00606;00511
00617;00506
00627;00510
00642;00520
00659;00529
00672;00552
00684;00576
00695;00600
00697;00622
00694;00650
00689;00671
00692;00694
00698;00711
00703;00730
00705;00755
00708;00779
00713;00804
00714;00828
00721;00850
00733;00865
00742;00875
00747;00869
00746;00863
00739;00857
00736;00838
00736;00817
00737;00788
00736;00757
00734;00744
00732;00727
00727;00721
00727;00734
00734;00758
00749;00759
00758;00761
00765;00763
00768;00764
00767;00773
00764;00762
00759;00758
00760;00743
00762;00713
00762;00676
00763;00662
00779;00658
00791;00663
00801;00672
00815;00666
00827;00662
00835;00656
00856;00649
00888;00649
00902;00648
00907;00643
00895;00631
00898;00586
00909;00544
00913;00508
00918;00475
00923;00437
00901;00410
00856;00393
00827;00378
00801;00363
00778;00350
00747;00365
00707;00383
00680;00408
00658;00420
00636;00431
00633;00432
00633;00421
00633;00410
00631;00405
00635;00408
00640;00415
00648;00416
00656;00408
00653;00414
00642;00434
00631;00457
00622;00486
00610;00512
00602;00524
00592;00530
00579;00516
00562;00507
00543;00500
00536;00491
00537;00476
00537;00469
00535;00457
00532;00448
00530;00442
00527;00444
00529;00455
00534;00473
00537;00486
00540;00495
00539;00504
00542;00502
00549;00494
00556;00488
00566;00487
00580;00485
00589;00492
00593;00486
00594;00487
00596;00481
00598;00474
00597;00479
00596;00496
00596;00507
00594;00518
00585;00527
00582;00524
00584;00510
00585;00492
00586;00488
00588;00482
00590;00472
00592;00456
00591;00442
00595;00428
00598;00411
00598;00405
00593;00407
00588;00408
00584;00406
00581;00401
00580;00389
00579;00377
00579;00367
00573;00351
00566;00341
00560;00335
00558;00343
00561;00351
00559;00354
00553;00356
00545;00367
00538;00379
00533;00389
00528;00407
00528;00418
00527;00408
00522;00390
00516;00376
00516;00369
00521;00367
00523;00364
00525;00363
00527;00360
00528;00360
00527;00357
00532;00369
00546;00375
00557;00377
00561;00377
00563;00376
00564;00374
00563;00367
00563;00364
00565;00354
00566;00348
00565;00346
00556;00345
00548;00343
00544;00341
00539;00337
00536;00337
00534;00343
00530;00345
00527;00350
00525;00360
00524;00356
00526;00358
00529;00365
00533;00378
00538;00395
00544;00409
00552;00425
00563;00450
00574;00466
00587;00470
00599;00491
00618;00497
00630;00506
00637;00513
00643;00516
00647;00531
00649;00534
00653;00530
00653;00537
00650;00550
00646;00566
00633;00590
00626;00606
00622;00615
00626;00617
00631;00598
00631;00581
00627;00558
00626;00535
00622;00517
00619;00484
00614;00455
00610;00428
00605;00409
00595;00407
00587;00419
00586;00436
00581;00459
00579;00478
00581;00481
00581;00489
00583;00491
00584;00496
00585;00496
00584;00496
00581;00490
00581;00468
00580;00445
00579;00420
00573;00404
00571;00399
00569;00395
00570;00391
00576;00383
00581;00368
00582;00363
00579;00370
00576;00386
00576;00404
00579;00418
00581;00414
00580;00411
00579;00411
00577;00420
00578;00440
00584;00461
00591;00486
00600;00498
00610;00509
00619;00520
00633;00538
00652;00555
00666;00568
00677;00574
00687;00571
00697;00554
00704;00535
00710;00519
00716;00498
00720;00489
00722;00484
00720;00482
00719;00480
00718;00478
00725;00469
00727;00464
00736;00454
00738;00449
00738;00452
00738;00451
00740;00447
00740;00439
00742;00433
00745;00421
00739;00426
00732;00430
00722;00445
00721;00460
00720;00481
00720;00494
00716;00502
00713;00512
00714;00517
00708;00524
00698;00525
00686;00526
00675;00518
00664;00500
00652;00478
00638;00464
00626;00459
00611;00473
00596;00492
00593;00513
00596;00524
00603;00531
00612;00533
00623;00546
00641;00550
00657;00556
00669;00551
00687;00526
00699;00503
00711;00485
00724;00482
00740;00485
00750;00499
00758;00510
00769;00522
00785;00525
00802;00538
00816;00567
00831;00589
00844;00594
00840;00575
00821;00561
00807;00544
00788;00527
00761;00515
00734;00506
00709;00496
00680;00487
00652;00484
00622;00491
00604;00510
00600;00531
00597;00545
00597;00559
00607;00571
00616;00589
00633;00590
00667;00565
00695;00537
00726;00509
00756;00483
00776;00459
00790;00455
00802;00449
00809;00442
00812;00426
00806;00428
00786;00446
00773;00459
00771;00459
00763;00466
00751;00462
00739;00446
00728;00421
00715;00399
00701;00387
00688;00378
00672;00379
00653;00387
00619;00409
00593;00415
00580;00420
00568;00432
00558;00449
00550;00467
00544;00483
00542;00490
00544;00478
00548;00460
00552;00444
00555;00437
00560;00435
00564;00437
00566;00443
00565;00436
00566;00429
00569;00419
00572;00416
00568;00417
00565;00418
00565;00417
00559;00424
00553;00423
00550;00418
00548;00414
00544;00408
00533;00418
00522;00433
00517;00448
00511;00460
00503;00465
00503;00460
00500;00458
00499;00459
00498;00472
00494;00493
00490;00495
00486;00490
00482;00480
00480;00477
00478;00488
00477;00508
00482;00523
00485;00537
00487;00553
00492;00563
00498;00582
00505;00598
00509;00619
00512;00644
00516;00677
00521;00694
00524;00713
00527;00729
00530;00730
00533;00734
00536;00750
00542;00777
00552;00806
00563;00823
00572;00823
00579;00822
00587;00829
00595;00835
00601;00843
00611;00845
00622;00825
00631;00779
00634;00725
00642;00677
00657;00635
00665;00615
00670;00586
00679;00578
00695;00574
00707;00567
00697;00574
00686;00607
00678;00641
00663;00676
00643;00709
00631;00725
00619;00756
00605;00752
00586;00749
00567;00745
00564;00745
00563;00743
00562;00744
00561;00740
00558;00732
00557;00722
00559;00701
00559;00693
00561;00688
00570;00687
00586;00657
00590;00624
00598;00589
00609;00559
00622;00530
00635;00508
00639;00492
00641;00488
00641;00478
00634;00470
00620;00481
00616;00487
00609;00499
00600;00509
00588;00523
00579;00538
00574;00545
00567;00532
00562;00525
00563;00513
00566;00507
00568;00514
00570;00523
00572;00529
00578;00528
00583;00521
00584;00517
00588;00528
00589;00541
00589;00564
00591;00573
00600;00558
00612;00536
00622;00518
00629;00501
00636;00487
00648;00475
00672;00461
00708;00446
00728;00420
00743;00405
00753;00400
00757;00404
00759;00406
00770;00404
00782;00412
00791;00416
00790;00416
00774;00411
00768;00418
00765;00422
00763;00442
00763;00465
00765;00493
00761;00526
00751;00542
00741;00561
00730;00577
00720;00599
00712;00622
00705;00641
00692;00648
00684;00640
00671;00640
00656;00648
00641;00676
00633;00703
00623;00730
00616;00750
00611;00768
00607;00780
00603;00787
00599;00798
00600;00787
00605;00779
00613;00750
00618;00712
00621;00670
00625;00635
00628;00596
00628;00573
00630;00576
00632;00583
00632;00600
00631;00603
00628;00614
00628;00636
00635;00656
00645;00666
00648;00676
00651;00680
00656;00660
00662;00627
00666;00600
00669;00579
00674;00566
00677;00547
00678;00546
00674;00551
00676;00559
00684;00568
00694;00582
00705;00599
00721;00591
00737;00579
00740;00550
00740;00525
00741;00490
00750;00454
00764;00413
00776;00376
00786;00351
00790;00338
00795;00336
00786;00338
00790;00348
00799;00366
00796;00386
00790;00407
00783;00431
00769;00459
00752;00470
00736;00470
00719;00477
00715;00489
00711;00518
00709;00542
00712;00579
00708;00624
00698;00667
00695;00710
00692;00753
00685;00817
00683;00887
00680;00959
00673;01017
00671;01078
00672;01117
00676;01157
00680;01190
00684;01177
00685;01174
00686;01153
00684;01111
00685;01050
00689;00983
00684;00905
00681;00841
00675;00775
00666;00720
00657;00709
00655;00694
00662;00667
00667;00664
00664;00669
00659;00688
00655;00695
00650;00697
00649;00695
00652;00695
00656;00700
00659;00696
00655;00697
00648;00696
00648;00689
00650;00675
00652;00665
00652;00654
00649;00638
00646;00615
00642;00581
00637;00564
00638;00550
00643;00527
00651;00514
00660;00500
00669;00499
00682;00501
00699;00508
00720;00519
00734;00525
00748;00526
00761;00520
00770;00520
00773;00515
00778;00515
00785;00503
00788;00497
00780;00487
00769;00475
00765;00473
00766;00470
00770;00475
00773;00482
00771;00512
00769;00550
00764;00599
00765;00638
00771;00675
00783;00703
00782;00717
00775;00736
00760;00761
00745;00790
00732;00809
00716;00806
00701;00809
00687;00826
00673;00856
00655;00896
00649;00929
00641;00951
00636;00964
00636;00983
00641;00992
00644;01029
00645;01050
00643;01067
00640;01074
00637;01097
00636;01141
00639;01184
00643;01224
00642;01275
00642;01343
00646;01382
00651;01404
00658;01392
00668;01364
00676;01311
00685;01251
00693;01214
00702;01181
00714;01118
00724;01034
00730;00954
00734;00904
00740;00876
00743;00874
00745;00876
00743;00874
00736;00842
00730;00803
00723;00775
00717;00754
00715;00747
00711;00730
00705;00723
00699;00709
00693;00701
00691;00692
00698;00704
00708;00717
00716;00742
00718;00774
00720;00776
00727;00781
00735;00768
00743;00750
00751;00726
00755;00703
00759;00686
00758;00676
00752;00662
00755;00637
00759;00630
00763;00623
00767;00626
00772;00628
00775;00640
00778;00657
00777;00650
00778;00628
00784;00590
00788;00555
00792;00527
00790;00502
00791;00489
00793;00476
00800;00466
00808;00451
00813;00458
00818;00475
00823;00501
00828;00524
00830;00544
00836;00560
00847;00554
00866;00538
00880;00519
00875;00516
00871;00528
00865;00548
00860;00586
00851;00627
00844;00675
00835;00730
00823;00784
00797;00865
00782;00954
00782;01026
00784;01061
00786;01079
00796;01056
00826;00998
00856;00935
00875;00872
00882;00830
00893;00769
00897;00705
00902;00654
00907;00617
00914;00583
00916;00570
00905;00585
00889;00606
00894;00596
00902;00579
00897;00569
00894;00545
00888;00513
00873;00499
00857;00490
00840;00488
00817;00481
00796;00462
00770;00474
00746;00492
00733;00513
00726;00535
00724;00562
00731;00568
00737;00563
00740;00551
00744;00551
00749;00567
00753;00592
00761;00610
00768;00622
00774;00655
00778;00676
00778;00710
00782;00749
00788;00797
00797;00823
00796;00834
00784;00827
00767;00818
00752;00809
00738;00780
00725;00772
00713;00780
00699;00796
00686;00812
00669;00839
00661;00874
00663;00911
00666;00948
00668;01002
00670;01051
00673;01065
00674;01039
00675;01003
00680;00963
00687;00929
00696;00892
00698;00858
00698;00837
00698;00808
00697;00791
00700;00793
00706;00810
00713;00842
00715;00887
00711;00933
00707;00970
00706;01012
00709;01054
00713;01090
00715;01106
00713;01118
00705;01152
00699;01172
00692;01184
00688;01179
00681;01180
00677;01185
00673;01188
00670;01190
00668;01208
00667;01218
00668;01187
00668;01151
00668;01105
00666;01082
00668;01067
00672;01049
00674;01043
00682;01025
00687;01008
00691;01017
00698;01048
00705;01092
00716;01142
00729;01177
00741;01213
00752;01244
00766;01243
00774;01248
00787;01253
00801;01236
00814;01247
00829;01259
00837;01271
00841;01271
00844;01259
00844;01254
00841;01265
00840;01269
00834;01272
00826;01286
00817;01247
00809;01204
00803;01164
00799;01153
00801;01151
00805;01145
00804;01135
00804;01130
00800;01136
00802;01145
00803;01183
00802;01229
00808;01273
00816;01297
00820;01309
00821;01316
00823;01320
00825;01320
00836;01296
00841;01273
00846;01268
00850;01287
00858;01313
00861;01356
00862;01414
00875;01467
00892;01510
00899;01566
00904;01633
00912;01694
00921;01710
00931;01690
00939;01652
00954;01610
00976;01559
00986;01514
00989;01484
01003;01456
01028;01447
01055;01434
01086;01394
01100;01341
01106;01314
01104;01283
01094;01262
01085;01222
01082;01177
01080;01095
01059;01004
01032;00927
01000;00916
00982;00930
00970;00934
00962;00930
00962;00910
00961;00921
00961;00934
00958;00972
00959;01009
00978;01030
00979;01023
00973;00991
00967;00951
00954;00927
00939;00923
00929;00924
00923;00922
00909;00909
00894;00910
00868;00913
00855;00936
00851;00981
00850;01060
00856;01135
00859;01174
00851;01209
00848;01236
00854;01245
00861;01227
00862;01215
00869;01203
00874;01194
00877;01151
00878;01095
00879;01058
00889;01015
00900;01001
00910;01015
00917;01008
00924;01005
00926;00977
00932;00940
00947;00904
00961;00884
00966;00878
00961;00876
00947;00872
00935;00866
00923;00901
00914;00934
00906;01003
00896;01092
00879;01189
00866;01259
00860;01318
00859;01374
00860;01411
00863;01434
00872;01433
00876;01433
00881;01426
00881;01409
00879;01393
00877;01388
00874;01379
00873;01362
00874;01353
00875;01378
00875;01421
00885;01456
00897;01462
00907;01466
00914;01445
00921;01412
00932;01390
00944;01378
00955;01410
00960;01395
00969;01362
00982;01327
01004;01290
01023;01231
01034;01184
01034;01160
01031;01126
01027;01081
01035;00986
01040;00919
01039;00864
01024;00812
00992;00802
00962;00819
00942;00836
00932;00874
00924;00892
00918;00899
00899;00921
00882;00952
00872;00987
00863;01017
00856;01017
00850;00990
00846;00980
00851;00931
00862;00908
00866;00911
00867;00916
00864;00917
00861;00926
00859;00943
00855;00966
00851;01002
00845;01034
00829;01081
00810;01133
00799;01156
00787;01169
00774;01162
00760;01147
00752;01129
00747;01126
00746;01119
00743;01116
00740;01120
00733;01124
00724;01142
00724;01160
00725;01186
00724;01216
00726;01253
00730;01253
00733;01232
00737;01191
00744;01138
00764;01082
00784;01021
00794;00965
00801;00928
00812;00886
00813;00837
00806;00803
00799;00790
00799;00776
00803;00780
00792;00796
00781;00822
00776;00835
00770;00813
00765;00789
00763;00764
00771;00752
00778;00747
00777;00761
00768;00761
00760;00752
00758;00742
00758;00747
00767;00764
00772;00794
00772;00834
00770;00867
00765;00885
00763;00899
00768;00915
00779;00933
00783;00944
00780;00954
00768;00997
00766;01032
00768;01048
00767;01057
00769;01060
00769;01078
00762;01110
00755;01139
00755;01152
00756;01145
00761;01115
00758;01092
00758;01049
00766;01022
00768;01036
00770;01048
00780;01024
00782;01000
00781;00996
00782;01011
00777;01029
00777;01029
00771;01057
00757;01079
00747;01068
00740;01027
00724;00998
00716;00966
00705;00943
00698;00923
00699;00906
00696;00899
00695;00916
00700;00929
00706;00956
00706;01005
00708;01054
00707;01114
00706;01144
00703;01163
00702;01159
00702;01156
00701;01119
00693;01099
00686;01083
00678;01066
00675;01071
00675;01061
00677;01067
00682;01061
00680;01073
00677;01080
00673;01106
00676;01103
00681;01073
00691;01039
00694;00998
00695;00964
00701;00943
00705;00924
00701;00905
00690;00893
00682;00878
00673;00877
00661;00894
00647;00914
00637;00942
00631;00957
00622;00960
00613;00967
00618;00948
00630;00920
00639;00898
00647;00884
00652;00894
00658;00906
00665;00901
00674;00883
00685;00855
00688;00851
00690;00884
00691;00917
00696;00945
00701;00954
00707;00921
00715;00885
00716;00843
00717;00835
00710;00840
00711;00840
00712;00840
00709;00852
00712;00855
00708;00874
00705;00917
00700;00959
00698;01029
00694;01086
00698;01132
00704;01147
00712;01128
00729;01104
00741;01079
00760;01059
00786;01044
00811;01017
00832;00961
00842;00900
00847;00849
00846;00825
00838;00828
00824;00831
00811;00827
00798;00821
00781;00788
00768;00763
00754;00743
00750;00724
00746;00717
00748;00704
00754;00703
00761;00697
00763;00705
00766;00703
00769;00715
00767;00728
00772;00744
00774;00760
00775;00774
00766;00785
00761;00771
00756;00752
00753;00724
00747;00715
00741;00716
00736;00708
00726;00703
00718;00703
00721;00686
00725;00673
00724;00677
00720;00690
00716;00715
00710;00723
00706;00702
00701;00692
00702;00678
00700;00671
00690;00675
00685;00685
00678;00705
00675;00718
00677;00731
00681;00751
00683;00799
00680;00841
00675;00886
00673;00906
00667;00912
00661;00907
00654;00891
00644;00886
00635;00869
00630;00842
00623;00824
00620;00816
00622;00810
00622;00825
00625;00851
00633;00894
00651;00916
00666;00944
00675;00989
00676;01029
00685;01032
00691;01025
00694;01023
00698;01016
00702;01017
00710;00993
00718;00975
00725;00936
00734;00886
00739;00849
00739;00840
00743;00827
00752;00813
00756;00802
00754;00787
00747;00797
00732;00800
00727;00800
00722;00803
00722;00816
00725;00828
00729;00831
00728;00832
00726;00841
00725;00846
00721;00839
00717;00848
00708;00871
00698;00937
00693;00953
00687;00933
00675;00928
00668;00930
00664;00942
00662;00954
00667;00950
00672;00955
00678;00961
00683;00917
00685;00914
00688;00955
00691;00992
00694;01035
00698;01064
00700;01076
00695;01112
00696;01097
00692;01088
00693;01083
00696;01059
00696;01045
00702;01033
00710;00997
00716;00961
00723;00943
00730;00912
00726;00932
00728;00942
00729;00952
00725;00984
00721;00969
00713;00954
00708;00942
00707;00958
00703;00961
00696;00971
00693;01002
00696;01007
00695;01007
00694;01013
00694;01053
00694;01100
00694;01158
00696;01178
00714;01197
00732;01197
00744;01161
00749;01141
00761;01119
00777;01084
00796;01066
00817;01035
00826;01008
00830;01000
00819;01003
00812;01028
00813;01047
00814;01090
00812;01129
00807;01190
00797;01192
00788;01185
00788;01167
00787;01148
00793;01130
00800;01116
00808;01099
00811;01077
00816;01093
00825;01069
00834;01088
00843;01114
00845;01152
00845;01194
00843;01222
00842;01223
00838;01225
00834;01221
00829;01182
00817;01178
00807;01207
00798;01223
00789;01227
00783;01216
00774;01218
00767;01233
00763;01259
00761;01296
00756;01345
00758;01378
00758;01351
00758;01329
00764;01295
00768;01263
00775;01248
00778;01232
00780;01220
00785;01192
00795;01165
00801;01136
00809;01127
00819;01116
00830;01101
00839;01074
00842;01034
00850;01011
00864;00977
00871;00937
00873;00888
00872;00847
00870;00834
00861;00844
00855;00857
00854;00870
00855;00879
00853;00875
00847;00888
00845;00914
00848;00946
00857;00961
00868;00927
00884;00884
00897;00846
00908;00824
00919;00821
00926;00827
00929;00818
00930;00813
00923;00813
00914;00833
00907;00851
00893;00886
00876;00946
00866;00988
00857;00986
00849;00976
00844;00960
00841;00942
00844;00919
00846;00880
00843;00891
00840;00886
00840;00860
00835;00828
00826;00820
00817;00822
00809;00848
00805;00872
00799;00887
00793;00899
00787;00868
00785;00834
00782;00805
00775;00785
00768;00784
00767;00774
00769;00750
00773;00725
00782;00707
00793;00714
00803;00747
00807;00793
00812;00840
00819;00884
00834;00907
00845;00921
00848;00936
00844;00946
00837;00952
00826;00942
00817;00940
00807;00922
00796;00904
00790;00876
00778;00854
00766;00838
00756;00829
00746;00831
00737;00830
00733;00817
00731;00783
00736;00745
00737;00713
00737;00704
00742;00694
00746;00697
00753;00704
00761;00708
00765;00709
00767;00742
00770;00760
00774;00782
00780;00794
00780;00804
00772;00808
00764;00809
00752;00809
00744;00793
00738;00781
00736;00746
00734;00747
00726;00765
00725;00788
00732;00813
00744;00839
00754;00849
00763;00852
00770;00867
00782;00885
00791;00885
00795;00862
00795;00835
00790;00811
00784;00789
00778;00765
00770;00766
00767;00778
00764;00786
00753;00800
00743;00851
00739;00905
00744;00961
00750;01020
00752;01095
00758;01166
00766;01192
00771;01198
00777;01195
00779;01187
00782;01154
00785;01154
00783;01157
00779;01153
00780;01121
00779;01095
00777;01113
00773;01143
00774;01168
00779;01198
00783;01232
00785;01205
00791;01153
00798;01105
00798;01072
00800;01083
00806;01079
00811;01077
00813;01088
00816;01088
00820;01097
00825;01120
00821;01161
00816;01229
00817;01305
00818;01325
00820;01337
00819;01316
00817;01298
00819;01283
00814;01281
00813;01325
00821;01341
00827;01322
00829;01278
00827;01244
00825;01217
00833;01219
00839;01219
00843;01227
00855;01207
00866;01135
00875;01082
00886;01031
00903;00988
00922;00965
00937;00957
00946;00959
00953;00954
00965;00941
00966;00953
00961;01003
00957;01038
00949;01077
00937;01124
00929;01155
00921;01167
00916;01162
00913;01158
00904;01149
00900;01124
00901;01116
00902;01134
00905;01159
00913;01175
00915;01197
00921;01208
00924;01232
00926;01265
00930;01306
00938;01323
00943;01287
00951;01246
00957;01201
00955;01154
00954;01114
00950;01105
00948;01091
00944;01074
00943;01057
00939;01083
00935;01126
00927;01177
00922;01213
00919;01254
00926;01276
00930;01280
00932;01272
00934;01276
00932;01281
00931;01271
00932;01280
00932;01286
00929;01306
00922;01331
00911;01343
00904;01347
00900;01362
00900;01370
00913;01369
00918;01365
00914;01336
00909;01297
00910;01269
00912;01227
00910;01233
00909;01250
00908;01276
00903;01304
00891;01350
00885;01424
00891;01501
00904;01573
00919;01598
00936;01625
00960;01586
00986;01542
01003;01486
01021;01420
01039;01341
01048;01237
01045;01172
01046;01116
01042;01088
01027;01070
01005;01078
00984;01099
00972;01133
00967;01171
00960;01212
00961;01256
00971;01243
00968;01220
00974;01184
00989;01142
01002;01125
01017;01086
01030;01045
01042;01005
01051;00955
01060;00913
01063;00880
01069;00859
01068;00863
01065;00878
01059;00864
01045;00852
01027;00832
00997;00803
00969;00786
00942;00771
00920;00783
00902;00785
00884;00770
00866;00744
00850;00740
00837;00742
00830;00749
00831;00777
00835;00812
00840;00824
00841;00809
00843;00796
00845;00796
00852;00786
00857;00789
00864;00802
00871;00818
00877;00814
00888;00810
00905;00812
00934;00808
00980;00792
00997;00775
01006;00769
01014;00750
01020;00740
01028;00726
01031;00722
01033;00708
01030;00691
01020;00721
00988;00776
00979;00816
00973;00862
00973;00908
00968;00948
00962;00988
00962;01013
00959;01036
00950;01066
00938;01057
00933;01032
00932;01014
00939;00989
00953;00968
00979;00942
01002;00906
01023;00865
01043;00835
01057;00793
01069;00762
01079;00759
01087;00770
01091;00786
01088;00788
01080;00777
01067;00770
01051;00770
01035;00760
01025;00764
01016;00781
01005;00777
00997;00768
00996;00750
01001;00725
01000;00712
01014;00692
01028;00681
01050;00681
01070;00669
01090;00639
01113;00602
01128;00558
01130;00520
01126;00500
01117;00489
01098;00490
01082;00482
01053;00489
01023;00503
00997;00517
00973;00536
00958;00557
00948;00579
00945;00588
00944;00595
00948;00602
00952;00601
00958;00585
00969;00570
00981;00569
00995;00571
01009;00572
01022;00572
01029;00578
01045;00572
01056;00552
01055;00557
01056;00557
01061;00547
01053;00526
01038;00493
01024;00466
01003;00448
00979;00436
00946;00436
00917;00448
00896;00448
00879;00457
00857;00469
00845;00487
00836;00524
00825;00568
00828;00592
00831;00597
00837;00603
00848;00601
00863;00590
00878;00573
00899;00556
00914;00545
00928;00545
00941;00544
00944;00560
00947;00580
00946;00592
00938;00607
00929;00631
00914;00655
00892;00690
00875;00712
00860;00704
00847;00685
00836;00659
00827;00646
00824;00640
00828;00638
00827;00628
00829;00629
00837;00624
00846;00626
00853;00634
00864;00639
00875;00639
00887;00637
00898;00629
00902;00617
00909;00606
00921;00587
00931;00567
00946;00550
00971;00537
00994;00526
01012;00516
01022;00504
01028;00493
01043;00482
01052;00483
01046;00480
01035;00477
01020;00469
01008;00449
00999;00428
00988;00416
00977;00411
00972;00411
00958;00420
00946;00428
00951;00440
00957;00460
00961;00472
00953;00497
00934;00525
00920;00537
00915;00549
00906;00563
00905;00577
00909;00587
00908;00587
00910;00578
00908;00594
00912;00598
00928;00596
00934;00606
00936;00609
00938;00607
00933;00597
00924;00595
00913;00601
00902;00618
00894;00616
00884;00618
00865;00623
00855;00632
00852;00649
00846;00664
00839;00686
00831;00713
00826;00757
00830;00779
00831;00805
00829;00836
00827;00876
00825;00923
00827;00943
00826;00958
00829;00960
00832;00926
00835;00871
00833;00831
00841;00799
00846;00778
00852;00741
00856;00699
00855;00678
00860;00663
00865;00648
00868;00673
00873;00691
00873;00706
00868;00705
00867;00688
00868;00673
00872;00648
00879;00625
00886;00608
00893;00599
00902;00580
00903;00571
00911;00555
00917;00533
00921;00519
00926;00518
00929;00529
00929;00536
00921;00541
00909;00546
00897;00536
00889;00523
00877;00515
00863;00527
00848;00543
00834;00548
00821;00553
00812;00549
00807;00546
00804;00547
00805;00560
00806;00565
00803;00567
00807;00563
00812;00546
00819;00529
00827;00506
00830;00494
00834;00483
00843;00461
00845;00440
00841;00437
00845;00435
00846;00431
00845;00438
00841;00445
00836;00452
00836;00459
00835;00469
00830;00478
00834;00475
00843;00466
00849;00461
00863;00464
00882;00463
00890;00470
00896;00474
00905;00484
00915;00490
00922;00493
00919;00504
00918;00513
00909;00530
00894;00533
00877;00527
00871;00513
00866;00506
00859;00492
00849;00482
00842;00480
00842;00484
00843;00490
00848;00490
00851;00502
00852;00528
00856;00554
00858;00562
00865;00567
00883;00560
00900;00551
00908;00535
00913;00520
00920;00502
00933;00488
00955;00472
00966;00459
00973;00460
00973;00463
00962;00472
00951;00484
00949;00493
00955;00499
00962;00506
00961;00507
00951;00503
00950;00500
00955;00496
00963;00497
00970;00500
00983;00497
00993;00498
00999;00501
00995;00505
00991;00508
00986;00522
00981;00534
00978;00548
00972;00561
00967;00559
00956;00565
00945;00561
00935;00555
00936;00546
00941;00538
00942;00530
00945;00523
00953;00509
00954;00498
00959;00495
00961;00491
00961;00505
00956;00521
00945;00537
00935;00551
00930;00556
00923;00559
00913;00566
00912;00571
00909;00588
00908;00602
00910;00612
00915;00620
00923;00622
00934;00625
00944;00631
00949;00632
00951;00630
00952;00623
00952;00605
00955;00593
00958;00567
00958;00547
00961;00537
00961;00528
00963;00530
00971;00542
00977;00551
00984;00550
00990;00547
00992;00541
00992;00544
00995;00546
00996;00549
00993;00548
00986;00529
00973;00508
00964;00499
00953;00497
00939;00506
00931;00510
00930;00523
00925;00538
00920;00548
00919;00566
00922;00588
00927;00606
00930;00614
00934;00620
00943;00624
00953;00634
00958;00632
00963;00625
00969;00615
00973;00609
00974;00608
00974;00608
00980;00606
00986;00606
00983;00610
00978;00609
00973;00608
00965;00603
00958;00605
00954;00597
00947;00572
00941;00544
00932;00520
00920;00505
00915;00481
00909;00472
00908;00475
00910;00477
00910;00478
00907;00481
00907;00500
00906;00534
00907;00565
00911;00588
00923;00607
00934;00617
00937;00619
00939;00627
00938;00623
00940;00625
00945;00628
00951;00621
00950;00618
00946;00615
00934;00618
00927;00625
00919;00628
00912;00632
00910;00647
00908;00648
00899;00633
00890;00625
00887;00627
00885;00640
00885;00664
00886;00672
00890;00686
00900;00699
00908;00708
00924;00718
00945;00730
00966;00731
00981;00723
00994;00707
01006;00684
01014;00681
01022;00646
01024;00610
01025;00581
01026;00570
01028;00569
01024;00577
01023;00580
01022;00579
01017;00576
01014;00569
01009;00588
01007;00601
01007;00612
01009;00611
00999;00597
00993;00584
00989;00577
00985;00579
00983;00591
00991;00602
00999;00617
01011;00634
01016;00656
01014;00683
01015;00730
01016;00776
01018;00823
01019;00849
01014;00848
01004;00855
00994;00833
00981;00814
00971;00792
00966;00771
00969;00752
00968;00726
00966;00695
00969;00676
00975;00663
00975;00641
00976;00648
00981;00665
00984;00673
00981;00668
00974;00640
00970;00614
00970;00593
00972;00582
00974;00592
00980;00595
00983;00604
00984;00601
00985;00604
00990;00615
01007;00636
01029;00647
01048;00667
01067;00677
01081;00679
01093;00668
01108;00644
01120;00631
01130;00617
01136;00607
01136;00604
01133;00607
01125;00605
01106;00608
01094;00606
01089;00624
01082;00648
01077;00665
01071;00701
01061;00728
01050;00738
01032;00759
01019;00781
01011;00813
01001;00843
00988;00879
00974;00912
00963;00929
00964;00939
00971;00956
00975;00970
00977;00988
00982;00994
00986;00971
00992;00956
00999;00925
01006;00895
01011;00872
01011;00821
01011;00779
01013;00758
01020;00735
01034;00718
01056;00706
01073;00679
01080;00666
01085;00650
01086;00643
01079;00669
01073;00679
01066;00675
01059;00658
01044;00636
01020;00624
01003;00626
00995;00606
00981;00605
00969;00599
00967;00586
00968;00573
00969;00572
00966;00572
00964;00575
00966;00584
00966;00585
00964;00606
00962;00607
00964;00614
00963;00613
00954;00623
00947;00637
00941;00656
00931;00670
00921;00688
00913;00710
00911;00722
00913;00745
00912;00764
00911;00793
00914;00808
00915;00799
00920;00796
00929;00789
00939;00788
00946;00789
00946;00800
00947;00817
00953;00830
00956;00832
00957;00834
00961;00852
00965;00857
00967;00877
00966;00877
00964;00867
00966;00853
00970;00829
00973;00806
00979;00779
00982;00772
00987;00775
00989;00786
00989;00778
00992;00769
00992;00767
00994;00764
00996;00764
00995;00762
00994;00767
00994;00751
00990;00715
00988;00681
00989;00660
00988;00651
00988;00650
00988;00654
00991;00647
00992;00641
00992;00642
00993;00644
00998;00655
01000;00663
01005;00675
01013;00687
01024;00699
01035;00691
01047;00676
01065;00665
01085;00632
01097;00617
01106;00619
01108;00623
01106;00621
01103;00613
01101;00595
01103;00592
01096;00602
01081;00617
01065;00650
01063;00668
01059;00658
01053;00654
01048;00654
01041;00663
01029;00681
01011;00715
01000;00771
00993;00821
00986;00847
00976;00872
00968;00912
00972;00942
00970;00972
00970;00996
00971;01017
00970;01010
00967;00973
00966;00934
00966;00905
00966;00891
00965;00889
00962;00884
00964;00874
00975;00862
00983;00850
00995;00844
01007;00846
01016;00844
01024;00851
01043;00828
01057;00781
01073;00741
01086;00700
01092;00675
01096;00642
01097;00623
01095;00611
01090;00602
01082;00595
01064;00601
01049;00623
01039;00645
01029;00680
01014;00701
01005;00724
00997;00723
00993;00710
00991;00688
00986;00668
00983;00661
00982;00662
00977;00660
00976;00648
00977;00638
00980;00643
00986;00647
00996;00649
01006;00664
01012;00690
01019;00708
01031;00689
01039;00667
01046;00640
01050;00617
01053;00584
01051;00566
01053;00559
01057;00553
01063;00528
01067;00503
01068;00501
01067;00512
01064;00535
01064;00545
01062;00549
01056;00552
01045;00553
01035;00553
01030;00557
01022;00569
01011;00590
01004;00590
00998;00592
00990;00609
00984;00632
00983;00652
00976;00677
00970;00695
00965;00714
00960;00732
00958;00726
00957;00727
00953;00718
00949;00711
00946;00715
00943;00716
00941;00713
00940;00709
00939;00699
00953;00684
00963;00689
00963;00704
00966;00731
00964;00738
00961;00735
00961;00730
00963;00717
00963;00710
00961;00703
00943;00701
00922;00718
00909;00732
00902;00736
00897;00744
00892;00734
00885;00723
00876;00728
00870;00732
00864;00744
00859;00745
00861;00705
00864;00664
00860;00624
00857;00590
00857;00569
00859;00570
00866;00567
00872;00565
00880;00562
00890;00570
00896;00594
00901;00621
00910;00642
00927;00648
00935;00657
00933;00655
00929;00645
00930;00626
00931;00602
00935;00577
00945;00563
00954;00540
00963;00525
00960;00522
00956;00513
00957;00498
00961;00495
00955;00512
00947;00529
00936;00538
00921;00530
00910;00529
00900;00528
00895;00527
00897;00525
00904;00537
00903;00548
00905;00543
00907;00543
00910;00548
00914;00558
00917;00570
00915;00593
00910;00617
00904;00653
00899;00669
00898;00679
00900;00684
00903;00682
00909;00685
00910;00700
00912;00702
00924;00687
00934;00676
00937;00646
00937;00625
00937;00611
00934;00607
00925;00615
00909;00621
00899;00600
00889;00592
00876;00580
00864;00567
00861;00570
00863;00574
00866;00573
00872;00586
00877;00598
00881;00614
00884;00638
00886;00655
00886;00682
00885;00709
00886;00719
00884;00731
00879;00738
00874;00717
00877;00689
00883;00658
00889;00646
00897;00639
00910;00626
00924;00604
00931;00606
00938;00605
00941;00616
00946;00629
00948;00656
00953;00673
00957;00668
00952;00650
00943;00636
00935;00631
00944;00614
00950;00602
00959;00591
00973;00593
00981;00576
00981;00566
00977;00561
00976;00571
00970;00583
00963;00584
00944;00585
00930;00595
00916;00602
00897;00602
00882;00602
00873;00606
00866;00637
00862;00666
00865;00699
00869;00745
00874;00777
00875;00796
00879;00818
00882;00831
00888;00837
00898;00840
00904;00813
00909;00774
00907;00735
00904;00702
00906;00677
00916;00650
00927;00618
00935;00603
00940;00594
00943;00587
00948;00581
00950;00587
00955;00592
00963;00594
00963;00603
00955;00616
00945;00621
00939;00613
00930;00611
00921;00612
00913;00637
00911;00658
00910;00685
00907;00692
00910;00694
00919;00696
00926;00708
00933;00726
00943;00750
00953;00764
00969;00748
00978;00732
00988;00708
00997;00696
00998;00689
00995;00677
00993;00669
00992;00663
00994;00652
00995;00643
00991;00647
00992;00655
00995;00661
01000;00674
01001;00681
00997;00688
00991;00682
00987;00669
00979;00650
00971;00638
00964;00650
00960;00653
00953;00654
00950;00652
00951;00646
00964;00641
00969;00644
00969;00647
00971;00658
00973;00663
00978;00633
00975;00602
00968;00575
00965;00542
00967;00528
00959;00519
00954;00511
00956;00507
00954;00502
00953;00492
00951;00504
00953;00526
00963;00545
00964;00560
00961;00553
00955;00559
00952;00550
00945;00543
00941;00532
00938;00533
00929;00537
00925;00540
00929;00543
00928;00554
00927;00566
00935;00559
00944;00571
00952;00589
00957;00609
00959;00619
00962;00609
00960;00594
00944;00584
00934;00565
00926;00555
00914;00553
00906;00546
00901;00533
00894;00521
00890;00508
00886;00510
00884;00520
00886;00534
00888;00545
00887;00554
00887;00568
00883;00575
00876;00577
00871;00577
00867;00590
00862;00615
00858;00625
00853;00624
00849;00631
00845;00645
00841;00638
00841;00635
00840;00642
00841;00652
00844;00647
00850;00621
00856;00594
00861;00579
00862;00564
00865;00555
00868;00551
00868;00547
00869;00548
00872;00549
00878;00550
00885;00555
00895;00569
00904;00572
00907;00574
00912;00569
00911;00583
00912;00592
00913;00585
00911;00575
00904;00576
00892;00587
00876;00595
00864;00613
00858;00630
00855;00641
00857;00641
00858;00645
00857;00665
00856;00682
00855;00692
00855;00684
00856;00667
00857;00650
00861;00628
00869;00622
00875;00619
00875;00624
00876;00616
00879;00621
00884;00620
00886;00621
00885;00635
00886;00637
00882;00641
00872;00638
00864;00628
00864;00612
00862;00596
00858;00570
00856;00560
00858;00562
00858;00557
00858;00566
00862;00579
00868;00576
00874;00570
00874;00574
00877;00587
00885;00599
00881;00592
00868;00578
00860;00562
00849;00546
00836;00527
00820;00526
00806;00529
00798;00525
00789;00517
00772;00510
00761;00504
00755;00493
00749;00489
00740;00473
00727;00457
00712;00433
00697;00414
00680;00393
00662;00363
00647;00335
00634;00316
00620;00310
00605;00299
00593;00303
00586;00310
00582;00314
00577;00319
00572;00326
00569;00345
00567;00365
00567;00391
00569;00407
00571;00426
00575;00439
00578;00452
00580;00476
00584;00495
00589;00515
00592;00519
00596;00520
00597;00510
00599;00512
00603;00519
00607;00528
00611;00515
00617;00492
00617;00482
00616;00472
00617;00465
00618;00467
00622;00476
00628;00488
00630;00504
00633;00515
00636;00547
00641;00575
00648;00589
00653;00602
00657;00624
00662;00634
00664;00647
00666;00641
00671;00615
00674;00591
00675;00573
00673;00572
00674;00573
00676;00576
00675;00580
00674;00589
00673;00585
00669;00587
00663;00602
00658;00623
00656;00633
00656;00629
00655;00625
00653;00604
00652;00577
00649;00550
00648;00537
00652;00535
00656;00532
00661;00514
00663;00507
00664;00501
00664;00500
00667;00507
00671;00513
00674;00520
00677;00520
00677;00502
00677;00486
00679;00480
00687;00463
00689;00453
00690;00441
00693;00430
00697;00422
00701;00420
00704;00413
00704;00421
00705;00437
00705;00457
00705;00469
00707;00470
00710;00463
00709;00462
00705;00457
00705;00445
00704;00444
00708;00438
00712;00423
00712;00404
00709;00402
00707;00402
00706;00417
00708;00427
00710;00445
00712;00459
00715;00464
00714;00464
00714;00462
00717;00462
00720;00451
00719;00452
00721;00443
00719;00442
00722;00438
00723;00438
00723;00441
00724;00450
00727;00450
00726;00446
00727;00440
00728;00432
00729;00422
00729;00409
00724;00395
00724;00372
00724;00354
00724;00343
00716;00348
00708;00352
00700;00359
00692;00352
00685;00354
00682;00357
00678;00366
00670;00378
00664;00388
00655;00389
00655;00376
00655;00366
00657;00363
00662;00373
00665;00375
00666;00376
00668;00372
00668;00376
00668;00376
00669;00379
00667;00392
00667;00398
00666;00396
00663;00390
00662;00389
00661;00384
00662;00378
00665;00372
00669;00367
00671;00361
00672;00359
00672;00361
00673;00364
00676;00354
00675;00341
00670;00336
00663;00338
00655;00338
00648;00342
00642;00333
00637;00313
00631;00291
00621;00270
00607;00267
00597;00260
00591;00251
00585;00237
00578;00224
00570;00203
00562;00188
00552;00179
00543;00173
00535;00167
00529;00157
00523;00147
00516;00137
00510;00129
00506;00134
00502;00133
00497;00141
00494;00158
00491;00166
00489;00170
00487;00167
00485;00169
00483;00187
00481;00213
00480;00218
00478;00227
00477;00235
00475;00239
00475;00251
00478;00267
00480;00290
00480;00310
00479;00308
00478;00284
00478;00261
00477;00241
00477;00219
00476;00200
00475;00180
00470;00159
00467;00138
00467;00112
00467;00100
00466;00094
00466;00089
00466;00085
00465;00075
00464;00067
00464;00062
00464;00063
00464;00062
00464;00067
00464;00067
00464;00075
00463;00084
00463;00092
00463;00101
00462;00102
00462;00097
00462;00091
00463;00095
00463;00118
00463;00141
00462;00168
00463;00195
00463;00221
00463;00245
00464;00270
00464;00293
00464;00323
00464;00344
00463;00335
00463;00324
00462;00294
00462;00272
00461;00259
00461;00248
00461;00238
00461;00230
00461;00217
00461;00200
00461;00192
00461;00185
00462;00191
00462;00192
00462;00195
00462;00194
00463;00193
00463;00197
00463;00200
00463;00199
00463;00194
00463;00184
00462;00178
00462;00172
00463;00156
00463;00150
00463;00144
00464;00138
00464;00134
00464;00137
00465;00167
00465;00198
00466;00214
00467;00227
00468;00236
00468;00242
00468;00253
