057
1.29
PD500-0212
001157 001239 001049
1.11 1.40 1.30
CORE END 3
22.06.2015
15:40:10
010
10000
05014
1
05000
00662
0150
5000
0053
0443
00997
01050
4
1
1
1
1
1
-02,5
089,2
+01,6
000,0
0
0
0
0
0
000
00000
0
0
000
000
00000
0
0
0
000
00000


0
0
0
00000
000
00000
0
000
000
000
00000
00000
000
000
00000
000
000
00000
000
000
00000
0
0
0
00000
00000
000
000
00,0
000
000
000
00000
000
000
0
0
0
00000
000
00000
000
000
0
0
0
00000
00000
00000
00000
00000
00000
0
0
000
00000
000
0
000
00000
000
0
00000
000000




00000-00000: 
00000-00000: 
00000-00000: 
00000-00000: 
00000-00000: 
00000-00000: 
3RD





00000;00000
00000;00000
00000;00000
00000;00000
00000;00000
00000;00000
00000;00000
00000;00002
00001;00008
00005;00014
00008;00022
00010;00023
00011;00024
00011;00024
00011;00027
00011;00034
00011;00040
00011;00040
00009;00039
00008;00040
00009;00044
00016;00061
00027;00084
00041;00109
00055;00127
00068;00143
00084;00161
00100;00185
00117;00206
00133;00231
00149;00252
00162;00257
00169;00250
00173;00245
00179;00246
00186;00247
00191;00246
00199;00246
00205;00246
00208;00241
00210;00235
00211;00238
00218;00244
00229;00240
00232;00238
00233;00235
00236;00238
00240;00224
00240;00207
00242;00187
00244;00171
00242;00163
00239;00164
00235;00179
00244;00192
00256;00209
00265;00220
00272;00244
00280;00265
00290;00294
00305;00324
00324;00335
00337;00333
00341;00324
00339;00311
00338;00298
00338;00286
00342;00285
00352;00292
00362;00290
00370;00289
00381;00303
00398;00324
00420;00343
00439;00368
00458;00389
00474;00411
00487;00412
00495;00412
00505;00418
00521;00420
00535;00427
00548;00437
00565;00445
00580;00450
00591;00465
00600;00479
00612;00504
00625;00526
00633;00554
00639;00586
00650;00602
00665;00614
00688;00628
00716;00643
00747;00665
00780;00688
00808;00712
00833;00734
00856;00738
00854;00745
00844;00761
00829;00773
00807;00752
00782;00708
00754;00634
00723;00554
00693;00471
00662;00387
00612;00316
00574;00240
00541;00163
00508;00098
00472;00057
00433;00036
00396;00031
00364;00027
00336;00032
00312;00058
00309;00091
00323;00105
00328;00122
00327;00140
00331;00200
00348;00255
00372;00313
00400;00371
00427;00423
00443;00445
00448;00452
00445;00472
00451;00491
00459;00493
00466;00466
00479;00447
00475;00426
00458;00394
00451;00355
00440;00320
00432;00305
00435;00298
00441;00273
00442;00254
00435;00237
00418;00221
00413;00205
00414;00202
00400;00210
00392;00217
00392;00216
00384;00210
00369;00221
00361;00227
00359;00223
00359;00217
00351;00212
00344;00209
00343;00209
00347;00215
00350;00222
00356;00216
00362;00203
00368;00197
00373;00196
00379;00201
00387;00195
00403;00186
00412;00175
00412;00164
00407;00178
00400;00177
00403;00191
00407;00210
00409;00235
00406;00255
00411;00284
00412;00306
00412;00323
00420;00337
00432;00326
00441;00341
00446;00348
00452;00345
00459;00338
00466;00330
00466;00325
00465;00330
00470;00337
00474;00350
00479;00358
00487;00368
00496;00383
00508;00401
00519;00413
00526;00430
00537;00438
00548;00440
00566;00426
00593;00408
00599;00396
00597;00379
00591;00367
00585;00362
00581;00368
00581;00369
00584;00379
00592;00387
00598;00404
00587;00414
00584;00428
00586;00445
00591;00455
00595;00452
00602;00452
00613;00453
00623;00453
00624;00450
00612;00453
00606;00465
00612;00475
00623;00486
00630;00505
00635;00530
00643;00554
00655;00573
00663;00581
00671;00593
00688;00600
00702;00595
00711;00590
00717;00576
00721;00572
00727;00568
00725;00563
00721;00561
00719;00574
00724;00595
00736;00625
00767;00653
00794;00672
00807;00692
00827;00691
00841;00681
00854;00670
00864;00667
00879;00662
00899;00658
00902;00653
00891;00661
00889;00671
00903;00676
00919;00670
00929;00668
00929;00658
00931;00637
00931;00601
00917;00559
00905;00515
00899;00463
00893;00420
00880;00385
00859;00373
00847;00363
00843;00366
00840;00367
00838;00372
00845;00384
00848;00404
00840;00434
00828;00474
00825;00510
00824;00546
00823;00573
00828;00599
00835;00630
00835;00673
00833;00730
00853;00789
00885;00846
00919;00890
00954;00936
00987;00971
01018;00997
01039;00996
01044;00989
01048;00980
01050;00948
01036;00912
01023;00855
01008;00795
00988;00737
00972;00696
00956;00681
00946;00696
00940;00700
00927;00703
00908;00706
00896;00690
00881;00687
00869;00690
00856;00692
00840;00684
00827;00657
00814;00624
00811;00609
00816;00599
00826;00601
00837;00623
00848;00660
00854;00688
00869;00725
00886;00746
00888;00781
00885;00815
00887;00852
00889;00879
00887;00907
00891;00937
00906;00920
00921;00899
00924;00857
00906;00827
00896;00801
00890;00778
00884;00741
00883;00712
00886;00681
00887;00637
00879;00628
00871;00631
00870;00643
00887;00637
00895;00611
00891;00590
00887;00573
00885;00553
00890;00534
00887;00523
00868;00516
00854;00491
00844;00466
00836;00458
00838;00462
00853;00448
00868;00444
00867;00441
00857;00430
00856;00406
00877;00375
00888;00355
00880;00340
00866;00334
00863;00338
00865;00358
00867;00366
00875;00376
00885;00387
00884;00406
00876;00424
00876;00448
00879;00463
00891;00466
00900;00447
00900;00419
00891;00394
00879;00363
00871;00331
00867;00311
00876;00291
00877;00273
00883;00262
00876;00259
00863;00261
00857;00254
00846;00254
00842;00264
00844;00272
00843;00273
00827;00269
00810;00269
00794;00268
00784;00264
00779;00275
00770;00302
00780;00321
00793;00339
00798;00356
00806;00366
00813;00377
00830;00381
00846;00385
00850;00388
00845;00386
00837;00378
00822;00375
00810;00370
00793;00377
00774;00388
00761;00400
00747;00400
00745;00395
00744;00398
00739;00411
00731;00426
00730;00438
00726;00447
00724;00449
00728;00453
00731;00458
00733;00477
00727;00492
00735;00486
00746;00480
00760;00476
00781;00469
00803;00450
00825;00425
00832;00410
00840;00394
00845;00384
00853;00379
00865;00389
00878;00393
00898;00392
00915;00395
00915;00413
00914;00441
00932;00464
00947;00501
00959;00531
00970;00561
00980;00591
00996;00602
00993;00610
00987;00610
00992;00598
00979;00570
00957;00531
00931;00474
00901;00416
00861;00359
00821;00299
00776;00254
00730;00214
00683;00178
00637;00143
00602;00114
00577;00089
00550;00072
00527;00060
00513;00047
00504;00036
00495;00026
00487;00015
00477;00004
00455;00000
00434;00000
00410;00000
00382;00000
00359;00000
00339;00000
00308;00000
00272;00000
00240;00000
00213;00000
00193;00000
00173;00000
00153;00000
00138;00000
00124;00000
00099;00000
00080;00000
00065;00000
00053;00000
00040;00000
00029;00000
00021;00000
00013;00000
00007;00000
00001;00000
00000;00000
00000;00000
00000;00000
00000;00000
00000;00000
00000;00000
00000;00000
00000;00000
00000;00000
00000;00000
00000;00000
00000;00000
00000;00000
00000;00000
00000;00000
00000;00000
00000;00000
00000;00000
00000;00000
00000;00000
00000;00000
00000;00000
00000;00000
00000;00000
00000;00000
00000;00002
00000;00013
00001;00029
00005;00042
00011;00061
00021;00088
00035;00116
00049;00143
00063;00159
00078;00170
00092;00179
00106;00182
00118;00179
00129;00185
00138;00189
00144;00188
00149;00186
00152;00184
00156;00193
00160;00207
00165;00217
00171;00226
00176;00235
00181;00239
00186;00231
00190;00218
00193;00205
00197;00194
00201;00192
00205;00192
00208;00196
00210;00201
00211;00210
00213;00217
00214;00233
00215;00255
00214;00276
00214;00300
00214;00314
00212;00316
00211;00314
00211;00309
00211;00299
00211;00295
00212;00285
00212;00274
00214;00263
00217;00250
00218;00239
00218;00236
00217;00238
00218;00242
00219;00243
00219;00239
00218;00237
00218;00233
00220;00228
00220;00222
00220;00220
00221;00218
00224;00217
00229;00217
00236;00230
00242;00236
00248;00247
00251;00258
00253;00269
00254;00279
00256;00285
00259;00290
00261;00291
00260;00293
00260;00292
00262;00303
00267;00309
00272;00315
00278;00320
00287;00330
00297;00343
00310;00367
00325;00396
00344;00419
00364;00438
00383;00452
00402;00458
00421;00458
00438;00463
00457;00468
00473;00479
00486;00480
00495;00482
00501;00487
00503;00495
00505;00499
00512;00520
00521;00547
00530;00569
00536;00589
00546;00598
00552;00604
00558;00605
00567;00609
00579;00613
00594;00628
00607;00647
00622;00666
00639;00679
00656;00689
00670;00705
00686;00725
00701;00742
00703;00747
00693;00743
00673;00726
00650;00691
00625;00653
00600;00623
00580;00598
00560;00576
00537;00557
00515;00539
00503;00522
00497;00510
00498;00503
00504;00509
00512;00519
00519;00528
00528;00531
00537;00525
00542;00504
00542;00488
00541;00475
00541;00465
00541;00454
00536;00434
00528;00403
00512;00369
00492;00343
00471;00322
00458;00304
00450;00277
00442;00254
00426;00228
00401;00198
00372;00170
00339;00146
00308;00126
00278;00101
00248;00072
00213;00050
00180;00037
00146;00024
00119;00012
00102;00003
00089;00000
00083;00000
00079;00000
