033
1.29
PD500-0212
001157 001239 001049
1.11 1.40 1.30
CORE ENDIANDRA 1
19.06.2015
17:24:20
010
10000
05014
1
05000
03601
0150
1500
0057
0331
01941
03124
4
1
1
1
1
0
+00,0
090,0
+03,2
000,0
0
0
0
0
0
000
00000
0
0
000
000
00000
0
0
0
000
00000


0
0
0
00000
000
00000
0
000
000
000
00000
00000
000
000
00000
000
000
00000
000
000
00000
0
0
0
00000
00000
000
000
00,0
000
000
000
00000
000
000
0
0
0
00000
000
00000
000
000
0
0
0
00000
00000
00000
00000
00000
00000
0
0
000
00000
000
0
000
00000
000
0
00000
000000




00000-00000: 
00000-00000: 
00000-00000: 
00000-00000: 
00000-00000: 
00000-00000: 
ENDI 1





00000;00000
00000;00000
00000;00000
00001;00001
00006;00003
00012;00004
00022;00017
00034;00031
00047;00049
00062;00069
00078;00083
00097;00104
00117;00126
00133;00144
00147;00158
00158;00167
00164;00159
00169;00156
00174;00152
00175;00147
00172;00136
00169;00121
00167;00101
00161;00085
00152;00075
00145;00074
00146;00092
00153;00114
00161;00129
00171;00130
00178;00141
00180;00147
00183;00155
00193;00167
00209;00176
00220;00180
00226;00180
00226;00168
00223;00163
00221;00182
00231;00204
00247;00219
00256;00231
00262;00235
00268;00241
00280;00257
00298;00262
00311;00273
00326;00277
00346;00265
00364;00241
00377;00228
00383;00233
00393;00239
00403;00243
00411;00240
00414;00245
00421;00255
00426;00269
00425;00290
00424;00320
00424;00347
00434;00353
00445;00358
00456;00371
00457;00388
00458;00406
00459;00415
00459;00421
00455;00427
00451;00433
00444;00442
00435;00464
00428;00476
00417;00481
00415;00483
00419;00466
00422;00445
00419;00406
00415;00361
00402;00328
00387;00306
00379;00291
00375;00299
00375;00319
00381;00353
00388;00417
00407;00491
00442;00588
00486;00689
00536;00772
00591;00836
00650;00876
00705;00896
00756;00901
00796;00893
00829;00877
00846;00852
00848;00843
00849;00851
00851;00864
00853;00881
00848;00917
00839;00966
00835;01023
00836;01076
00834;01128
00844;01181
00866;01181
00887;01158
00908;01140
00927;01129
00945;01123
00968;01115
00998;01097
01036;01074
01076;01046
01107;01022
01128;01022
01139;01030
01141;01042
01142;01044
01140;01023
01132;00991
01115;00971
01089;00961
01067;00967
01049;00976
01042;00995
01045;01010
01063;01010
01100;01006
01126;01023
01128;01067
01124;01109
01118;01161
01106;01210
01095;01223
01085;01210
01075;01186
01057;01174
01023;01181
01006;01206
01019;01215
01049;01214
01087;01185
01106;01144
01121;01133
01136;01141
01152;01162
01166;01183
01187;01186
01205;01142
01233;01083
01238;01032
01216;01008
01210;01003
01211;01014
01210;01033
01205;01067
01201;01110
01195;01161
01188;01251
01166;01377
01165;01499
01183;01618
01206;01696
01226;01751
01245;01762
01265;01734
01280;01693
01289;01659
01303;01639
01320;01601
01336;01565
01355;01517
01373;01478
01382;01444
01396;01458
01434;01495
01488;01519
01523;01524
01528;01477
01519;01411
01511;01348
01496;01277
01480;01235
01461;01196
01441;01156
01396;01126
01335;01123
01295;01127
01281;01162
01286;01211
01288;01265
01294;01323
01301;01358
01311;01389
01325;01386
01343;01360
01370;01328
01402;01288
01430;01247
01425;01213
01414;01173
01402;01139
01387;01118
01379;01099
01378;01121
01377;01155
01370;01190
01352;01240
01340;01261
01361;01264
01406;01258
01455;01249
01504;01249
01590;01229
01633;01200
01632;01187
01622;01177
01608;01185
01599;01222
01583;01289
01548;01368
01510;01449
01475;01508
01404;01575
01374;01595
01376;01581
01388;01563
01402;01521
01408;01497
01417;01464
01433;01421
01450;01372
01466;01321
01493;01271
01518;01264
01554;01268
01548;01284
01536;01309
01531;01294
01521;01249
01506;01210
01486;01176
01462;01165
01424;01183
01390;01217
01352;01273
01351;01310
01357;01351
01363;01414
01378;01523
01401;01615
01438;01706
01468;01792
01492;01859
01523;01870
01553;01833
01583;01797
01613;01745
01646;01704
01684;01656
01747;01598
01784;01538
01801;01462
01804;01388
01791;01363
01765;01366
01740;01392
01714;01418
01685;01414
01652;01379
01593;01361
01551;01349
01544;01347
01554;01369
01583;01390
01644;01400
01704;01381
01727;01375
01733;01386
01733;01414
01723;01442
01704;01472
01679;01505
01660;01506
01646;01489
01606;01449
01571;01415
01572;01372
01587;01345
01614;01320
01656;01292
01693;01265
01716;01236
01757;01220
01800;01210
01809;01247
01794;01294
01770;01329
01742;01334
01710;01316
01669;01307
01635;01301
01614;01305
01575;01333
01529;01374
01519;01403
01540;01413
01572;01440
01614;01469
01637;01530
01656;01584
01677;01634
01697;01665
01736;01654
01806;01608
01852;01528
01873;01457
01864;01391
01840;01338
01828;01296
01818;01269
01809;01241
01803;01218
01783;01206
01720;01216
01676;01300
01657;01360
01676;01388
01673;01406
01673;01378
01677;01351
01685;01318
01691;01293
01708;01283
01773;01260
01791;01199
01765;01166
01722;01171
01709;01178
01697;01213
01678;01240
01656;01286
01632;01327
01599;01373
01517;01408
01484;01415
01489;01442
01503;01422
01524;01407
01547;01399
01565;01386
01580;01356
01595;01321
01607;01265
01618;01245
01625;01253
01632;01239
01642;01261
01643;01272
01653;01236
01698;01195
01759;01149
01805;01114
01846;01091
01879;01066
01880;01039
01867;01003
01844;00979
01820;00966
01792;00995
01735;01031
01656;01088
01589;01152
01528;01205
01488;01230
01485;01234
01495;01245
01513;01235
01538;01222
01565;01226
01626;01211
01682;01180
01700;01136
01705;01100
01707;01096
01717;01113
01751;01142
01810;01155
01842;01141
01834;01081
01787;01047
01737;01018
01730;00992
01736;00972
01742;00956
01746;00943
01725;00917
01681;00920
01637;00954
01635;01014
01641;01069
01645;01135
01650;01205
01658;01249
01666;01270
01675;01255
01679;01240
01672;01216
01674;01190
01677;01179
01687;01172
01728;01138
01793;01080
01850;01021
01878;00964
01881;00948
01872;00954
01866;00961
01859;00970
01853;00943
01843;00903
01815;00875
01765;00862
01709;00877
01676;00912
01661;00947
01659;00958
01659;00977
01654;00988
01645;01015
01636;01056
01624;01104
01604;01147
01589;01169
01575;01172
01570;01149
01570;01118
01567;01079
01568;01044
01577;01021
01588;00996
01621;00956
01658;00913
01680;00879
01709;00839
01723;00821
01711;00828
01706;00836
01700;00850
01691;00836
01684;00819
01662;00808
01636;00802
01636;00809
01639;00827
01652;00839
01680;00841
01697;00852
01714;00871
01733;00902
01755;00923
01765;00944
01771;00961
01767;00959
01742;00963
01717;00961
01718;00938
01742;00902
01758;00853
01770;00820
01758;00803
01740;00789
01716;00777
01689;00770
01673;00768
01671;00779
01653;00815
01633;00860
01631;00889
01634;00886
01638;00866
01648;00845
01652;00831
01665;00842
01687;00841
01726;00829
01765;00810
01784;00792
01785;00796
01786;00816
01813;00836
01829;00864
01848;00898
01862;00925
01872;00949
01862;00966
01865;00971
01867;00958
01865;00933
01847;00924
01815;00938
01805;00950
01799;00956
01794;00951
01782;00959
01757;00979
01721;01019
01704;01060
01702;01096
01705;01111
01705;01101
01700;01089
01701;01073
01697;01094
01693;01107
01698;01121
01736;01099
01774;01074
01811;01043
01847;01004
01864;00980
01859;00968
01843;00970
01831;00943
01830;00913
01838;00869
01802;00841
01752;00816
01696;00804
01651;00823
01630;00843
01651;00846
01672;00843
01687;00830
01700;00824
01690;00843
01690;00872
01694;00909
01698;00944
01699;00956
01695;00955
01673;00959
01659;00955
01651;00988
01639;01007
01631;01028
01622;01046
01619;01075
01623;01103
01627;01127
01630;01162
01640;01195
01650;01235
01657;01244
01660;01257
01669;01245
01670;01246
01663;01212
01655;01185
01653;01174
01678;01166
01696;01167
01707;01159
01725;01146
01734;01140
01736;01141
01758;01111
01777;01094
01783;01081
01784;01062
01757;01026
01726;00986
01707;00944
01692;00939
01689;00924
01702;00894
01700;00886
01696;00895
01701;00910
01705;00925
01711;00970
01724;01020
01743;01072
01750;01070
01750;01077
01744;01091
01770;01089
01810;01070
01847;01031
01896;00980
01959;00924
01990;00866
02001;00815
02014;00773
02036;00734
02039;00708
02015;00703
01976;00713
01947;00742
01906;00770
01855;00775
01838;00772
01824;00767
01803;00789
01783;00789
01779;00806
01774;00826
01772;00844
01782;00842
01783;00847
01782;00860
01768;00881
01769;00900
01808;00882
01835;00884
01865;00869
01886;00834
01905;00798
01916;00772
01935;00750
01944;00751
01948;00754
01944;00756
01910;00767
01890;00778
01866;00792
01851;00821
01834;00860
01800;00896
01773;00924
01757;00922
01747;00910
01743;00899
01748;00893
01765;00883
01791;00879
01814;00873
01847;00861
01885;00860
01915;00865
01941;00881
01982;00897
02013;00912
02030;00919
02029;00926
02031;00926
02044;00914
02030;00889
02016;00855
02002;00831
01991;00832
01962;00840
01942;00850
01929;00865
01910;00886
01889;00911
01862;00949
01852;00998
01841;01042
01833;01086
01832;01089
01862;01064
01909;01027
01941;00984
01958;00948
01962;00930
01972;00907
01975;00899
01983;00903
01981;00900
01978;00926
01957;00972
01913;01026
01880;01086
01860;01137
01849;01164
01835;01187
01835;01169
01839;01146
01877;01115
01903;01091
01912;01067
01934;01040
01954;01005
01973;00975
01996;00936
02011;00905
02014;00904
02000;00902
01952;00910
01909;00896
01883;00873
01847;00847
01806;00825
01772;00823
01734;00847
01703;00876
01675;00909
01668;00939
01686;00955
01708;00966
01756;00979
01813;00996
01883;01010
01962;00998
02034;00972
02099;00938
02153;00888
02195;00840
02221;00795
02238;00778
02224;00777
02198;00787
02174;00786
02162;00786
02141;00784
02143;00782
02162;00792
02167;00803
02182;00817
02214;00805
02252;00773
02273;00723
02275;00688
02259;00664
02257;00651
02233;00655
02219;00662
02236;00667
02252;00663
02242;00664
02214;00684
02200;00715
02195;00746
02195;00776
02207;00794
02222;00788
02221;00764
02194;00742
02162;00720
02151;00713
02159;00707
02181;00706
02192;00704
02184;00695
02179;00687
02185;00694
02174;00702
02168;00706
02181;00719
02200;00713
02196;00699
02179;00681
02189;00657
02215;00637
02221;00634
02203;00632
02204;00647
02219;00660
02210;00678
02183;00701
02174;00730
02170;00759
02142;00802
02111;00844
02087;00870
02078;00888
02067;00879
02064;00862
02090;00839
02108;00833
02136;00826
02171;00820
02198;00808
02213;00792
02241;00783
02255;00775
02258;00789
02251;00814
02233;00843
02251;00855
02268;00838
02266;00813
02273;00797
02271;00804
02272;00825
02272;00847
02282;00870
02290;00896
02334;00905
02346;00904
02367;00915
02386;00942
02410;00960
02451;00962
02462;00947
02468;00937
02474;00905
02500;00879
02492;00866
02472;00887
02448;00932
02441;00968
02453;00989
02438;01001
02433;01014
02440;01033
02455;01075
02443;01114
02421;01154
02395;01175
02360;01166
02320;01159
02263;01177
02239;01202
02222;01250
02208;01285
02189;01323
02193;01356
02200;01397
02225;01444
02246;01510
02270;01574
02307;01624
02349;01644
02369;01649
02396;01643
02436;01583
02466;01509
02508;01411
02557;01312
02582;01229
02598;01152
02587;01091
02543;01059
02532;01018
02512;01001
02479;01033
02451;01069
02427;01120
02447;01144
02489;01117
02510;01077
02518;01030
02535;00987
02546;00964
02563;00929
02578;00896
02579;00874
02561;00848
02480;00854
02385;00904
02325;00965
02318;01001
02314;01046
02294;01074
02274;01096
02245;01089
02214;01083
02195;01074
02186;01063
02169;01067
02151;01078
02116;01107
02095;01116
02087;01120
02078;01132
02073;01181
02080;01229
02094;01277
02150;01306
02205;01291
02269;01230
02312;01165
02361;01099
02396;01050
02423;00998
02443;00947
02457;00900
02459;00875
02425;00863
02391;00870
02346;00920
02319;00979
02286;01050
02271;01091
02249;01122
02237;01133
02265;01120
02296;01087
02344;01041
02370;01011
02373;00983
02360;00960
02343;00932
02320;00918
02315;00921
02314;00933
02291;00958
02262;00987
02216;01024
02190;01036
02198;01022
02210;01007
02221;00996
02227;01007
02234;01035
02237;01066
02229;01115
02232;01178
02243;01232
02269;01292
02325;01343
02409;01353
02461;01370
02489;01369
02504;01347
02505;01327
02497;01286
02490;01223
02476;01175
02442;01146
02369;01144
02278;01171
02233;01175
02234;01162
02235;01156
02233;01149
02232;01154
02225;01176
02222;01187
02231;01173
02274;01135
02313;01079
02348;01024
02348;00995
02345;00955
02359;00909
02374;00871
02382;00828
02392;00789
02411;00758
02398;00749
02354;00760
02309;00785
02280;00795
02243;00821
02205;00842
02172;00844
02139;00847
02107;00855
02070;00875
02020;00912
02002;00958
01986;01002
01974;01044
01982;01084
02004;01123
02024;01169
02039;01220
02053;01268
02073;01294
02119;01283
02174;01241
02213;01193
02236;01168
02253;01148
02254;01138
02254;01130
02294;01100
02350;01045
02370;00989
02361;00943
02332;00923
02304;00919
02277;00906
02253;00896
02229;00874
02215;00850
02174;00838
02109;00841
02067;00873
02034;00941
02020;01002
02016;01054
02026;01088
02050;01106
02087;01125
02148;01131
02196;01140
02241;01155
02293;01151
02351;01086
02409;01011
02461;00945
02500;00907
02506;00880
02486;00867
02441;00871
02399;00871
02360;00880
02303;00894
02250;00953
02190;01021
02129;01105
02082;01155
02063;01169
02044;01180
02025;01173
02011;01164
01998;01145
02000;01138
01984;01149
01964;01170
01954;01177
01959;01185
01968;01216
01982;01234
01989;01255
01993;01298
01992;01346
01988;01382
02001;01362
02019;01328
02047;01280
02096;01232
02150;01188
02227;01151
02321;01102
02385;01052
02434;01008
02482;00960
02530;00950
02603;00931
02645;00916
02638;00936
02615;00934
02565;00934
02530;00923
02525;00890
02543;00855
02548;00833
02551;00817
02533;00815
02525;00815
02516;00782
02502;00766
02497;00754
02481;00770
02463;00788
02459;00792
02443;00793
02438;00777
02415;00761
02386;00737
02369;00729
02361;00735
02346;00746
02330;00761
02306;00789
02287;00815
02300;00831
02309;00859
02361;00860
02412;00853
02425;00852
02452;00836
02486;00810
02494;00772
02510;00720
02496;00675
02464;00631
02427;00593
02369;00579
02322;00577
02320;00564
02309;00556
02266;00581
02227;00629
02190;00683
02169;00734
02165;00783
02167;00802
02156;00814
02125;00828
02103;00834
02096;00835
02118;00807
02146;00770
02174;00741
02194;00709
02194;00687
02187;00692
02170;00702
02164;00722
02154;00742
02146;00757
02133;00772
02119;00783
02102;00803
02082;00816
02068;00830
02068;00848
02075;00877
02071;00892
02061;00911
02045;00941
02041;00976
02039;01007
02042;01020
02052;01060
02064;01094
02071;01096
02084;01080
02108;01069
02133;01064
02156;01079
02168;01104
02188;01143
02213;01192
02257;01225
02342;01209
02388;01215
02411;01228
02426;01247
02424;01255
02444;01234
02459;01195
02464;01146
02467;01080
02438;01017
02363;01000
02321;01003
02295;01013
02281;01013
02316;01001
02320;00991
02312;00999
02345;00989
02402;00975
02477;00940
02516;00904
02551;00843
02564;00773
02573;00709
02544;00671
02537;00638
02535;00611
02502;00606
02432;00619
02333;00654
02268;00698
02217;00743
02198;00785
02191;00841
02191;00888
02179;00927
02174;00956
02186;00975
02194;00985
02206;00983
02217;00981
02220;00994
02220;01038
02205;01071
02186;01110
02168;01160
02154;01219
02137;01279
02130;01329
02136;01392
02142;01444
02151;01467
02157;01454
02169;01440
02181;01422
02192;01406
02211;01412
02252;01398
02324;01358
02375;01303
02394;01244
02395;01205
02404;01183
02427;01172
02427;01186
02434;01172
02426;01130
02391;01094
02317;01091
02262;01084
02239;01085
02228;01088
02238;01085
02235;01069
02234;01028
02225;01007
02208;00983
02204;00968
02206;00957
02202;00963
02188;00979
02182;00980
02151;00975
02111;00967
02087;00972
02078;00981
02090;00994
02088;01007
02094;01032
02084;01060
02091;01093
02100;01147
02113;01212
02117;01292
02118;01371
02119;01448
02113;01494
02104;01529
02092;01539
02102;01547
02107;01528
02116;01496
02125;01490
02147;01483
02170;01465
02195;01443
02217;01437
02240;01428
02297;01404
02348;01370
02399;01338
02427;01279
02433;01179
02428;01070
02416;00971
02389;00878
02354;00808
02318;00767
02256;00767
02183;00773
02114;00796
02066;00842
02034;00910
02024;00982
02013;01051
02013;01124
02020;01157
02058;01158
02093;01129
02121;01099
02148;01051
02162;01014
02186;00979
02191;00949
02198;00906
02193;00851
02201;00825
02183;00821
02167;00842
02157;00878
02160;00921
02173;00939
02185;00931
02202;00916
02221;00904
02246;00907
02269;00911
02292;00917
02308;00929
02322;00926
02333;00933
02341;00954
02417;00973
02508;00971
02549;00965
02576;00941
02587;00910
02596;00879
02599;00824
02604;00770
02576;00725
02544;00691
02476;00689
02408;00694
02396;00685
02385;00679
02384;00674
02384;00675
02381;00696
02378;00719
02395;00736
02431;00740
02457;00710
02460;00688
02469;00677
02482;00676
02505;00687
02531;00674
02596;00659
02667;00647
02741;00643
02786;00649
02812;00659
02827;00678
02838;00713
02861;00725
02853;00726
02837;00750
02796;00756
02770;00758
02735;00739
02689;00735
02653;00759
02618;00779
02591;00785
02537;00815
02521;00848
02539;00865
02567;00876
02555;00894
02592;00904
02628;00897
02667;00856
02715;00819
02738;00779
02776;00742
02794;00701
02781;00667
02764;00645
02754;00631
02715;00630
02689;00626
02644;00650
02591;00664
02552;00675
02517;00680
02505;00678
02492;00676
02459;00678
02481;00655
02474;00636
02471;00618
02480;00596
02493;00583
02507;00577
02527;00570
02532;00566
02530;00571
02538;00583
02526;00615
02530;00647
02514;00681
02498;00683
02479;00692
02447;00702
02425;00708
02411;00721
02402;00729
02379;00738
02345;00737
02319;00736
02318;00723
02304;00743
02299;00758
02298;00774
02288;00795
02280;00801
02281;00816
02284;00817
02300;00806
02319;00786
02332;00783
02337;00790
02335;00792
02335;00797
02332;00807
02325;00828
02319;00844
02324;00857
02325;00877
02321;00891
02299;00894
02290;00870
02292;00838
02307;00801
02305;00768
02290;00735
02295;00697
02319;00666
02339;00635
02331;00630
02350;00621
02394;00620
02431;00634
02451;00655
02478;00676
02520;00692
02522;00716
02501;00719
02466;00731
02454;00727
02438;00728
02393;00755
02346;00775
02304;00790
02275;00794
02238;00804
02223;00810
02218;00824
02224;00827
02231;00822
02234;00824
02254;00784
02268;00744
02273;00703
02276;00681
02275;00660
02291;00638
02306;00627
02307;00623
02297;00632
02293;00631
02279;00655
02269;00680
02256;00722
02252;00745
02262;00755
02257;00754
02248;00738
02284;00715
02316;00692
02343;00684
02370;00685
02388;00691
02408;00684
02423;00671
02453;00654
02489;00649
02538;00648
02505;00673
02479;00698
02469;00699
02489;00665
02519;00627
02510;00596
02487;00585
02434;00594
02367;00614
02284;00664
02252;00690
02223;00713
02215;00735
02191;00768
02164;00798
02183;00811
02210;00804
02243;00790
02266;00768
02272;00723
02279;00684
02304;00640
02307;00610
02281;00609
02271;00610
02271;00608
02248;00612
02229;00615
02209;00614
02233;00605
02248;00607
02221;00620
02200;00627
02193;00602
02166;00583
02135;00568
02130;00558
02115;00560
02099;00580
02048;00619
02007;00639
01990;00668
01958;00699
01924;00745
01916;00781
01903;00818
01896;00847
01905;00856
01941;00851
01973;00830
01988;00817
02002;00787
02026;00762
02058;00740
02085;00718
02100;00702
02103;00689
02089;00692
02048;00697
02008;00712
01983;00728
01962;00751
01942;00765
01911;00762
01875;00767
01846;00770
01832;00774
01847;00766
01856;00758
01879;00754
01918;00740
01964;00724
01992;00706
02021;00709
02045;00717
02070;00734
02095;00751
02106;00773
02133;00796
02155;00811
02144;00808
02131;00802
02153;00805
02164;00824
02179;00839
02201;00849
02211;00845
02221;00861
02230;00849
02234;00843
02247;00869
02251;00906
02226;00934
02207;00914
02207;00885
02207;00839
02213;00806
02204;00762
02190;00744
02169;00730
02148;00720
02138;00702
02134;00685
02141;00693
02133;00707
02114;00737
02094;00770
02087;00799
02093;00840
02100;00859
02120;00857
02135;00849
02169;00843
02206;00840
02205;00845
02201;00854
02211;00854
02213;00849
02210;00817
02205;00815
02185;00830
02166;00852
02134;00871
02108;00865
02126;00852
02163;00815
02182;00785
02197;00772
02201;00785
02216;00799
02231;00820
02245;00839
02269;00857
02303;00880
02324;00907
02329;00946
02334;00981
02346;00999
02400;00989
02490;00951
02543;00905
02566;00855
02578;00810
02591;00789
02584;00768
02576;00758
02587;00745
02590;00739
02578;00742
02513;00768
02498;00777
02487;00794
02477;00807
02467;00794
02474;00777
02517;00760
02537;00742
02546;00725
02536;00723
02548;00718
02554;00729
02581;00740
02593;00756
02584;00796
02583;00839
02542;00877
02523;00912
02542;00928
02553;00932
02544;00926
02537;00903
02536;00875
02551;00847
02572;00818
02574;00798
02570;00789
02556;00791
02522;00810
02500;00827
02473;00848
02448;00890
02417;00935
02374;00981
02335;01000
02309;01004
02295;01018
02292;01033
02306;01029
02342;01034
02401;01023
02455;01014
02506;00999
02553;00978
02580;00984
02606;01010
02622;01021
02630;01042
02624;01062
02583;01083
02531;01104
02491;01101
02455;01102
02440;01116
02443;01144
02474;01139
02519;01144
02583;01129
02635;01117
02665;01111
02684;01126
02683;01167
02685;01206
02678;01240
02661;01217
02622;01210
02570;01194
02509;01200
02473;01235
02467;01249
02463;01246
02471;01241
02467;01240
02466;01245
02475;01292
02491;01342
02513;01422
02527;01457
02541;01475
02573;01471
02623;01442
02677;01402
02754;01362
02832;01309
02883;01264
02939;01209
02981;01126
03007;01064
03034;00995
03036;00965
03001;00979
02952;01004
02888;01030
02827;01049
02774;01039
02723;01023
02689;00992
02690;00962
02668;00949
02641;00951
02634;00955
02641;00939
02626;00918
02592;00912
02564;00929
02528;00969
02484;01024
02415;01085
02363;01135
02331;01161
02297;01152
02262;01155
02260;01157
02261;01156
02266;01170
02266;01178
02270;01182
02279;01180
02293;01186
02305;01195
02332;01231
02364;01255
02408;01273
02496;01266
02571;01212
02626;01151
02671;01086
02702;01015
02715;00966
02710;00930
02692;00896
02664;00873
02620;00854
02563;00849
02490;00875
02430;00901
02380;00935
02342;00980
02310;01008
02286;01032
02274;01047
02285;01049
02284;01047
02266;01045
02270;01051
02268;01068
02264;01075
02253;01069
02246;01051
02243;01026
02230;01018
02215;01026
02208;01035
02198;01046
02205;01022
02225;00991
02239;00960
02279;00927
02313;00913
02348;00915
02396;00907
02446;00901
02482;00892
02514;00879
02569;00870
02621;00862
02643;00863
02631;00900
02620;00922
02600;00938
02570;00948
02529;00949
02502;00955
02513;00954
02473;00977
02432;00998
02415;01019
02424;01014
02445;01016
02461;01021
02484;01024
02510;01028
02540;01038
02514;01060
02478;01061
02466;01056
02465;01061
02454;01052
02451;01054
02462;01049
02462;01053
02447;01064
02427;01062
02428;01072
02458;01103
02475;01157
02490;01203
02505;01264
02516;01304
02523;01336
02535;01348
02555;01347
02584;01356
02629;01353
02677;01328
02714;01272
02721;01217
02707;01169
02684;01126
02667;01094
02660;01077
02646;01070
02627;01068
02596;01076
02566;01056
02540;01045
02545;01027
02563;01005
02578;00993
02607;00973
02631;00951
02670;00919
02696;00867
02680;00820
02661;00822
02651;00829
02633;00845
02623;00861
02623;00871
02601;00889
02569;00886
02514;00902
02473;00942
02453;00983
02435;01047
02419;01128
02413;01203
02413;01279
02409;01350
02419;01412
02434;01475
02457;01503
02464;01532
02469;01553
02482;01520
02504;01455
02536;01377
02573;01293
02605;01233
02661;01134
02669;01060
02658;01030
02665;01005
02690;00989
02698;00998
02685;01035
02666;01084
02636;01139
02599;01171
02531;01224
02512;01267
02511;01274
02508;01271
02503;01254
02494;01266
02494;01279
02513;01275
02582;01241
02636;01174
02675;01126
02688;01087
02682;01066
02687;01041
02678;01021
02665;00970
02648;00898
02620;00845
02535;00819
02478;00831
02436;00856
02425;00867
02444;00884
02444;00896
02474;00908
02494;00923
02500;00956
02497;01005
02504;01059
02498;01099
02485;01137
02468;01167
02446;01184
02430;01207
02393;01237
02383;01289
02384;01349
02400;01384
02408;01412
02426;01432
02459;01438
02477;01471
02497;01504
02510;01514
02530;01507
02529;01460
02522;01383
02503;01310
02496;01233
02490;01184
02469;01144
02449;01110
02428;01097
02418;01106
02408;01123
02419;01160
02423;01209
02426;01269
02427;01336
02431;01384
02441;01431
02487;01423
02515;01378
02523;01341
02521;01308
02517;01291
02533;01287
02555;01278
02570;01250
02581;01218
02585;01188
02582;01203
02609;01213
02653;01203
02697;01187
02705;01152
02705;01102
02690;01048
02677;01009
02652;00996
02641;00979
02608;00974
02553;01012
02504;01060
02461;01116
02450;01168
02444;01219
02440;01280
02438;01344
02442;01382
02445;01424
02447;01432
02442;01423
02436;01419
02433;01410
02447;01417
02458;01444
02469;01455
02486;01454
02494;01449
02501;01440
02528;01455
02567;01462
02598;01468
02669;01454
02738;01394
02782;01308
02808;01235
02816;01167
02836;01128
02876;01085
02886;01049
02877;01023
02864;00998
02818;01002
02748;01041
02712;01077
02719;01091
02747;01097
02738;01097
02702;01097
02680;01077
02675;01056
02671;01032
02663;00997
02655;00985
02633;00992
02605;01007
02592;01021
02589;01029
02620;01028
02631;01036
02633;01044
02651;01052
02659;01061
02652;01032
02644;00982
02632;00948
02587;00939
02564;00921
02518;00929
02508;00933
02484;00944
02437;00958
02417;00987
02412;01023
02415;01085
02405;01138
02409;01189
02410;01235
02403;01266
02377;01295
02371;01306
02365;01311
02355;01304
02350;01311
02351;01316
02349;01331
02357;01335
02401;01312
02441;01281
02495;01242
02525;01219
02556;01206
02580;01207
02589;01176
02589;01124
02596;01072
02608;01048
02588;01017
02591;00999
02578;00998
02588;00997
02626;00966
02658;00912
02703;00877
02735;00856
02755;00834
02746;00808
02735;00835
02709;00861
02681;00883
02658;00891
02612;00923
02591;00958
02571;01009
02557;01084
02565;01157
02584;01202
02599;01237
02626;01270
02650;01305
02678;01346
02692;01378
02680;01447
02666;01470
02669;01444
02663;01415
02660;01430
02661;01481
02654;01482
02644;01495
02635;01525
02644;01570
02655;01582
02667;01642
02684;01712
02711;01785
02741;01819
02783;01792
02861;01782
02945;01719
02996;01633
03055;01523
03077;01420
03099;01321
03100;01256
03081;01186
03052;01124
02999;01086
02915;01076
02818;01119
02747;01174
02656;01253
02614;01339
02588;01377
02593;01361
02605;01341
02609;01315
02625;01284
02632;01267
02636;01244
02643;01210
02650;01172
02648;01159
02638;01154
02613;01168
02600;01191
02605;01222
02628;01266
02668;01262
02704;01243
02729;01221
02740;01192
02746;01124
02742;01095
02731;01095
02706;01104
02671;01106
02617;01102
02560;01129
02512;01161
02480;01208
02474;01247
02485;01277
02507;01268
02536;01217
02603;01136
02650;01054
02681;00977
02702;00911
02724;00861
02746;00802
02748;00764
02734;00745
02718;00753
02698;00789
02644;00838
02609;00887
02586;00931
02563;00961
02552;00971
02575;00974
02599;00963
02634;00949
02652;00940
02683;00946
02706;00948
02740;00941
02818;00906
02870;00879
02893;00861
02871;00860
02841;00869
02807;00874
02770;00871
02718;00840
02674;00824
02622;00810
02532;00834
02477;00864
02446;00905
02483;00913
02561;00887
02605;00876
02641;00878
02672;00879
02689;00879
02706;00901
02740;00914
02754;00925
02757;00923
02695;00940
02621;00975
02582;00992
02573;01008
02564;01056
02560;01104
02557;01130
02538;01158
02536;01183
02537;01210
02563;01242
02585;01278
02624;01307
02643;01304
02665;01251
02698;01182
02721;01123
02729;01069
02733;01024
02740;00991
02724;00982
02689;00993
02645;01001
02620;01023
02613;01058
02590;01110
02565;01170
02555;01230
02545;01276
02535;01305
02532;01294
02544;01268
02556;01246
02549;01245
02539;01284
02542;01293
02544;01289
02566;01253
02586;01212
02590;01183
02586;01180
02575;01169
02574;01160
02567;01129
02549;01064
02529;01012
02527;00964
02518;00942
02529;00930
02550;00918
02568;00906
02583;00899
02582;00922
02609;00925
02625;00940
02629;00961
02640;00973
02640;00991
02630;00993
02608;00996
02581;00987
02554;00970
02529;00932
02487;00940
02465;00962
02470;00971
02455;00985
02465;00976
02494;00973
02538;00960
02572;00949
02571;00957
02563;00968
02556;00950
02546;00903
02517;00868
02488;00844
02437;00846
02358;00875
02272;00905
02230;00931
02233;00944
02247;00987
02260;01044
02269;01087
02282;01136
02290;01191
02307;01245
02340;01254
02400;01262
02420;01256
02430;01237
02425;01189
02422;01146
02430;01138
02444;01118
02463;01093
02480;01057
02478;01037
02453;01007
02469;00989
02471;00984
02476;00979
02472;00953
02453;00909
02430;00874
02404;00838
02382;00814
02360;00808
02334;00812
02296;00830
02280;00853
02276;00884
02290;00917
02318;00954
02364;00974
02408;00988
02433;00996
02453;01003
02482;01027
02506;01012
02537;00992
02584;00953
02616;00929
02652;00917
02665;00923
02671;00933
02695;00931
02737;00912
02760;00880
02786;00887
02821;00896
02826;00918
02830;00919
02813;00893
02791;00866
02774;00845
02767;00826
02733;00824
02706;00825
02667;00829
02612;00830
02570;00837
02563;00845
02571;00866
02589;00879
02611;00880
02609;00895
02614;00901
02622;00905
02624;00889
02621;00879
02611;00866
02585;00875
02556;00926
02546;00972
02562;01006
02612;01005
02652;00996
02696;00983
02713;00999
02732;01026
02765;01041
02802;01029
02854;00962
02879;00894
02875;00838
02828;00809
02784;00795
02728;00793
02708;00787
02694;00766
02670;00773
02636;00801
02576;00862
02527;00932
02483;01012
02456;01113
02448;01179
02451;01235
02458;01250
02473;01259
02485;01245
02496;01244
02522;01261
02556;01266
02590;01266
02621;01244
02664;01228
02752;01180
02830;01155
02903;01135
02959;01119
03008;01080
03042;01009
03062;00944
03076;00877
03094;00802
03124;00751
03095;00746
03053;00753
03007;00767
02986;00796
02975;00809
02960;00832
02953;00862
02943;00900
02936;00954
02925;01000
02927;01033
02948;01039
02966;01011
02986;00969
02996;00971
03006;00988
03007;01002
03011;01016
03017;01015
03012;01021
03049;01004
03064;01003
03060;01042
03061;01071
03069;01066
03076;01015
03075;00968
03069;00916
03056;00879
03030;00863
02964;00877
02902;00908
02869;00929
02820;00980
02770;01049
02727;01160
02705;01262
02694;01378
02695;01458
02711;01498
02722;01527
02734;01534
02739;01541
02746;01507
02765;01466
02812;01412
02857;01357
02907;01289
02947;01239
02969;01208
03003;01174
03039;01154
03065;01127
03075;01118
03078;01103
03058;01058
03035;01022
03003;00990
02963;00977
02938;00976
02909;00984
02870;01009
02850;01038
02840;01084
02837;01133
02827;01212
02825;01285
02833;01325
02845;01340
02853;01334
02903;01306
02948;01241
02947;01181
02935;01108
02905;01045
02879;01000
02844;00963
02809;00963
02773;00987
02734;01014
02645;01068
02564;01155
02529;01237
02523;01303
02536;01347
02548;01341
02581;01327
02616;01281
02680;01210
02749;01140
02786;01075
02813;01001
02823;00932
02843;00884
02861;00850
02857;00847
02831;00859
02796;00901
02733;00959
02675;01013
02678;01028
02686;01033
02693;01024
02696;00997
02691;00976
02691;00968
02686;00964
02677;00960
02665;00954
02640;00956
02592;00991
02555;01033
02537;01083
02500;01137
02474;01182
02470;01185
02485;01165
02509;01138
02541;01116
02571;01103
02600;01099
02625;01099
02655;01097
02725;01107
02777;01101
02836;01096
02917;01097
02969;01108
03019;01101
03058;01078
03075;01046
03083;01002
03079;00948
03034;00889
03004;00861
02950;00871
02858;00887
02783;00905
02720;00923
02656;00949
02620;00973
02597;01002
02572;01047
02550;01085
02523;01119
02503;01115
02491;01110
02487;01097
02477;01097
02482;01122
02481;01160
02513;01174
02582;01149
02610;01131
02629;01104
02633;01107
02632;01120
02628;01153
02616;01175
02600;01184
02586;01174
02542;01160
02469;01172
02445;01179
02449;01189
02480;01201
02510;01204
02546;01179
02604;01153
02674;01108
02723;01058
02737;01050
02743;01061
02735;01088
02725;01114
02700;01102
02671;01092
02639;01077
02592;01083
02553;01104
02540;01124
02549;01127
02563;01123
02577;01123
02577;01125
02573;01158
02580;01194
02585;01253
02590;01282
02571;01312
02551;01358
02547;01371
02551;01375
02561;01368
02589;01357
02623;01359
02643;01361
02644;01350
02645;01348
02656;01334
02667;01320
02674;01354
02687;01394
02710;01415
02745;01424
02759;01378
02779;01318
02805;01265
02843;01214
02896;01171
02912;01119
02917;01067
02905;01025
02881;01012
02828;01021
02791;01070
02766;01137
02744;01208
02710;01270
02654;01338
02637;01391
02632;01416
02636;01415
02640;01398
02642;01385
02643;01404
02648;01428
02652;01446
02661;01448
02666;01437
02672;01440
02667;01467
02670;01507
02681;01540
02690;01561
02695;01505
02690;01431
02686;01359
02680;01322
02681;01310
02670;01322
02669;01322
02666;01335
02664;01372
02675;01407
02705;01469
02742;01516
02770;01554
02808;01573
02842;01576
02874;01549
02917;01500
02945;01435
02972;01349
02982;01272
02990;01216
03019;01162
03037;01122
03026;01087
03012;01045
03002;01015
02970;01026
02940;01039
02920;01050
02895;01048
02866;01019
02806;01010
02756;00994
02729;00992
02706;01016
02698;01050
02705;01062
02718;01075
02741;01080
02766;01075
02790;01080
02802;01081
02805;01096
02795;01122
02776;01138
02750;01140
02726;01143
02690;01131
02642;01147
02605;01178
02587;01234
02608;01269
02647;01271
02697;01243
02750;01194
02794;01149
02815;01112
02839;01085
02874;01043
02891;00994
02878;00916
02836;00859
02776;00828
02708;00822
02640;00830
02575;00848
02540;00858
02502;00885
02457;00915
02428;00952
02412;01004
02404;01060
02414;01104
02447;01124
02480;01139
02496;01132
02509;01114
02509;01085
02516;01064
02514;01056
02517;01064
02522;01074
02514;01103
02492;01149
02471;01187
02470;01239
02469;01313
02481;01374
02483;01444
02502;01495
02522;01501
02554;01492
02611;01449
02684;01367
02728;01292
02750;01218
02776;01151
02802;01111
02816;01070
02818;01057
02809;01076
02792;01110
02751;01175
02688;01290
02655;01421
02640;01523
02621;01595
02605;01631
02598;01647
02595;01632
02593;01628
02587;01641
02582;01635
02589;01611
02630;01533
02665;01458
02693;01406
02706;01374
02705;01343
02695;01326
02681;01280
02676;01207
02675;01148
02667;01092
02627;01090
02586;01127
02553;01151
02535;01192
02536;01250
02540;01320
02552;01404
02563;01496
02582;01561
02624;01617
02690;01626
02725;01603
02731;01577
02731;01524
02737;01456
02747;01375
02746;01308
02746;01256
02729;01235
02701;01216
02657;01214
02630;01223
02629;01248
02637;01298
02647;01330
02655;01354
02655;01343
02653;01317
02659;01277
02683;01232
02701;01212
02722;01188
02726;01160
02717;01134
02706;01131
02681;01141
02669;01186
02656;01233
02653;01262
02623;01302
02581;01343
02543;01394
02530;01417
02526;01412
02521;01418
02532;01427
02550;01432
02573;01454
02581;01499
02596;01533
02637;01524
02694;01489
02759;01473
02799;01471
02814;01464
02821;01449
02822;01403
02822;01334
02815;01261
02815;01197
02788;01189
02741;01212
02689;01242
02668;01295
02672;01335
02685;01375
02713;01422
02741;01473
02767;01498
02758;01524
02749;01538
02738;01551
02730;01530
02723;01477
02734;01425
02762;01358
02760;01324
02725;01315
02700;01324
02711;01323
02729;01311
02747;01293
02765;01310
02766;01324
02779;01336
02804;01347
02838;01322
02880;01253
02898;01193
02908;01136
02919;01090
02927;01040
02920;00996
02926;00973
02901;00956
02837;00959
02778;00972
02753;00983
02733;01001
02706;01027
02687;01050
02662;01074
02635;01085
02611;01083
02590;01085
02568;01077
02544;01093
02513;01150
02516;01183
02515;01206
02503;01228
02502;01255
02511;01298
02520;01340
02521;01384
02527;01426
02530;01416
02533;01375
02521;01360
02524;01342
02543;01331
02594;01311
02650;01254
02683;01196
02708;01131
02708;01089
02701;01092
02689;01115
02679;01140
02661;01188
02632;01236
02575;01277
02520;01328
02489;01363
02478;01401
02494;01431
02518;01470
02554;01519
02601;01533
02679;01494
02733;01438
02763;01406
02788;01389
02805;01390
02811;01399
02810;01402
02807;01366
02789;01294
02759;01254
02700;01255
02668;01287
02659;01316
02652;01350
02650;01402
02654;01456
02660;01499
02672;01570
02692;01660
02714;01736
02744;01805
02769;01835
02791;01842
02801;01826
02804;01775
02815;01722
02829;01668
02843;01623
02859;01600
02876;01599
02881;01587
02883;01560
02891;01526
02892;01510
02895;01500
02901;01469
02902;01448
02883;01395
02846;01305
02808;01200
02772;01119
02751;01077
02723;01048
02704;01033
02688;01054
02676;01081
02686;01109
02729;01136
02770;01168
02803;01203
02817;01235
02819;01254
02828;01275
02830;01265
02836;01226
02833;01187
02815;01140
02783;01123
02785;01121
02768;01130
02765;01139
02761;01144
02749;01151
02756;01178
02778;01202
02798;01234
02804;01282
02812;01286
02809;01272
02829;01245
02854;01200
02901;01167
02937;01131
02977;01092
02992;01059
02982;01025
02969;00992
02931;00997
02897;01010
02865;01026
02822;01060
02763;01088
02720;01104
02662;01115
02621;01123
02613;01124
02614;01111
02621;01117
02622;01147
02617;01189
02625;01214
02628;01238
02625;01283
02638;01328
02642;01385
02645;01441
02674;01479
02704;01459
02712;01404
02734;01333
02752;01271
02774;01223
02791;01177
02790;01156
02790;01145
02784;01148
02762;01186
02760;01265
02784;01351
02799;01434
02811;01537
02829;01619
02856;01684
02898;01695
02954;01658
03004;01602
03028;01530
03028;01464
03012;01413
02984;01370
02950;01315
02918;01263
02885;01228
02840;01233
02784;01280
02730;01337
02699;01395
02692;01415
02699;01415
02721;01407
02773;01365
02821;01330
02844;01284
02856;01247
02859;01209
02862;01189
02865;01165
02855;01180
02840;01199
02828;01220
02784;01278
02737;01332
02712;01387
02709;01401
02716;01391
02728;01378
02735;01370
02745;01367
02752;01372
02755;01380
02768;01373
02789;01355
02823;01347
02879;01345
02923;01341
02958;01329
02994;01323
03020;01282
03053;01223
03059;01175
03054;01144
03044;01155
03029;01161
02986;01209
02958;01295
02931;01389
02917;01456
02910;01540
02902;01630
02927;01697
02959;01732
02991;01707
02993;01687
02999;01640
02996;01559
02992;01476
02983;01401
02978;01338
02969;01292
02949;01256
02919;01232
02875;01231
02854;01235
02822;01261
02791;01293
02768;01317
02742;01359
02726;01360
02715;01339
02724;01301
02760;01262
02797;01242
02836;01205
02880;01171
02911;01143
02928;01108
02933;01075
02909;01086
02879;01108
02844;01150
02786;01205
02739;01251
02692;01291
02648;01304
02619;01311
02612;01305
02640;01270
02668;01239
02689;01227
02697;01212
02704;01193
02709;01170
02703;01160
02697;01176
02690;01188
02667;01224
02629;01276
02603;01281
02590;01260
02604;01222
02623;01175
02650;01122
02673;01062
02683;01013
02690;00973
02699;00932
02707;00900
02719;00888
02729;00885
02713;00902
02681;00935
02636;00985
02603;01043
02591;01073
02578;01100
02573;01116
02573;01120
02570;01149
02572;01191
02576;01231
02589;01269
02603;01304
02621;01340
02636;01380
02659;01420
02672;01457
02681;01502
02693;01503
02710;01475
02739;01432
02769;01378
02795;01334
02809;01308
02823;01283
02835;01258
02849;01261
02862;01264
02872;01315
02891;01354
02921;01369
02952;01369
02971;01354
02987;01321
03002;01283
03011;01236
03028;01167
03021;01104
03003;01038
02963;01006
02898;01013
02819;01047
02767;01081
02735;01106
02707;01130
02685;01165
02648;01201
02631;01240
02624;01240
02627;01217
02635;01194
02650;01180
02664;01184
02675;01199
02686;01218
02700;01240
02719;01264
02754;01280
02795;01318
02812;01370
02832;01428
02853;01478
02877;01507
02906;01520
02947;01508
02987;01471
03021;01426
03016;01376
02984;01342
02970;01343
02950;01338
02930;01336
02904;01337
02876;01338
02835;01360
02793;01405
02770;01440
02781;01455
02788;01439
02797;01378
02806;01317
02814;01263
02813;01216
02799;01186
02775;01183
02749;01187
02720;01213
02702;01237
02729;01269
02759;01307
02775;01361
02777;01412
02789;01475
02811;01521
02846;01518
02879;01499
02896;01484
02895;01495
02876;01546
02857;01633
02865;01695
02885;01741
02904;01761
02930;01780
02952;01821
02968;01862
02980;01900
02993;01941
03013;01917
03041;01843
03067;01753
03091;01659
03119;01560
03108;01477
03079;01422
03062;01385
03059;01343
03050;01300
03035;01290
03007;01285
02960;01311
02915;01343
02862;01385
02854;01402
02878;01380
02878;01351
02870;01321
02867;01276
02858;01254
02869;01256
02896;01238
02938;01213
02972;01191
02994;01181
02981;01185
02991;01187
02998;01193
03010;01207
03029;01182
03036;01121
03028;01062
02993;01019
02973;00972
02939;00942
02903;00925
02882;00895
02873;00873
02852;00869
02820;00893
02784;00932
02748;00986
02726;01051
02702;01112
02710;01147
02735;01172
02726;01201
02716;01224
02716;01228
02723;01242
02735;01281
02770;01292
02788;01278
02807;01263
02793;01271
02776;01282
02771;01299
02757;01311
02741;01337
02724;01322
02706;01276
02671;01250
02651;01245
02625;01263
02616;01289
02610;01318
02616;01354
02632;01386
02652;01396
02666;01423
02674;01467
02679;01532
02690;01597
02707;01652
02732;01681
02771;01674
02807;01604
02817;01525
02827;01445
02841;01381
02827;01342
02810;01295
02798;01234
02777;01175
02747;01125
02698;01113
02644;01164
02618;01220
02593;01292
02569;01324
02582;01314
02597;01296
02605;01279
02609;01260
02616;01254
02626;01247
02638;01234
02637;01230
02639;01228
02645;01259
02650;01296
02673;01327
02704;01346
02720;01360
02725;01359
02722;01359
02716;01355
02717;01347
02717;01331
02714;01328
02709;01357
02692;01395
02669;01441
02667;01491
02684;01534
02710;01578
02746;01621
02791;01659
02826;01685
02869;01654
02902;01590
02910;01523
02914;01469
02914;01431
02913;01407
02920;01377
02916;01355
02896;01333
02886;01334
02868;01379
02858;01435
02868;01491
02880;01558
02891;01618
02894;01655
02883;01678
02878;01696
02874;01705
02874;01709
02885;01716
02892;01744
02897;01769
02906;01786
02919;01782
02941;01789
02967;01799
02989;01787
03010;01779
03000;01768
02977;01725
02960;01650
02952;01571
02940;01482
02920;01409
02888;01355
02850;01319
02814;01322
02773;01344
02757;01367
02746;01415
02736;01486
02724;01571
02722;01666
02737;01731
02765;01735
02771;01725
02762;01702
02756;01669
02752;01629
02749;01601
02752;01570
02760;01520
02750;01462
02722;01425
02684;01422
02667;01422
02667;01423
02668;01434
02677;01443
02687;01411
02670;01354
02639;01311
02612;01257
02592;01208
02573;01177
02549;01139
02524;01101
02497;01046
02455;00997
02402;00973
02361;00957
02328;00928
02289;00911
02257;00888
02233;00855
02205;00844
02180;00822
02152;00815
02137;00810
02123;00818
02115;00857
02115;00905
02131;00945
02138;00984
02148;01016
02158;01043
02163;01079
02160;01122
02152;01166
02150;01193
02145;01179
02133;01162
02117;01157
02104;01167
02083;01211
02069;01251
02065;01310
02075;01336
02085;01380
02095;01433
02105;01514
02120;01590
02138;01670
02155;01722
02172;01750
02189;01753
02207;01726
02223;01713
02228;01676
02239;01650
02253;01630
02265;01607
02285;01569
02309;01525
02314;01487
02308;01484
02299;01501
02294;01523
02296;01545
02297;01540
02294;01484
02285;01435
02266;01391
02247;01367
02234;01340
02235;01302
02264;01231
02272;01154
02262;01096
02240;01052
02212;01058
02189;01064
02162;01071
02134;01082
02115;01082
02089;01075
02033;01094
01990;01122
01971;01126
01963;01141
01958;01145
01948;01134
01936;01104
01914;01049
01886;00990
01856;00920
01814;00846
01767;00767
01715;00693
01660;00601
01601;00496
01546;00401
01494;00318
01447;00256
01406;00217
01370;00193
01344;00173
01323;00161
01308;00154
01296;00146
01287;00148
01278;00155
01269;00168
01263;00180
01255;00192
01248;00200
01242;00207
01235;00206
01229;00203
01223;00205
01217;00213
01213;00225
01214;00236
01211;00248
01205;00256
01198;00264
01192;00273
01185;00290
01179;00302
01172;00311
01166;00305
01159;00287
01146;00273
01137;00258
01132;00253
01129;00251
01126;00251
01123;00247
01121;00244
01119;00241
01118;00242
01117;00247
01116;00253
01115;00252
01114;00250
01113;00249
01112;00243
01111;00237
01109;00231
01108;00229
01107;00237
01106;00249
01105;00261
01104;00274
01103;00275
01102;00272
01101;00274
01101;00280
01102;00285
01101;00290
01101;00280
01100;00269
01099;00246
01098;00228
01098;00217
01097;00210
01097;00201
01096;00195
01094;00192
01093;00185
01092;00186
01092;00188
01092;00198
01092;00204
01090;00214
01089;00218
01088;00218
01087;00213
01087;00204
01087;00198
01085;00200
01084;00203
01082;00207
01081;00214
01081;00215
01080;00220
01080;00224
01079;00227
01078;00234
01077;00241
01077;00238
01076;00237
01076;00238
01076;00243
01076;00240
01077;00232
01077;00227
01078;00226
01079;00228
01080;00225
01082;00227
01083;00230
01085;00234
01086;00235
01088;00238
01090;00241
01091;00246
01091;00244
01091;00238
01091;00236
01091;00235
01091;00226
01090;00218
01090;00207
01088;00200
01088;00199
01088;00200
01088;00208
01088;00216
01088;00225
01088;00224
01089;00221
01089;00218
01089;00219
01089;00220
01089;00219
01088;00216
01087;00215
01086;00211
01085;00209
01084;00216
01083;00228
01081;00231
01079;00231
01077;00233
01076;00233
01075;00230
01073;00219
01072;00213
01071;00205
01071;00203
01070;00202
