021
1.29
PD500-0212
001157 001239 001049
1.11 1.40 1.30
CORE MUSC 1 2ND
19.06.2015
13:19:41
010
10000
05014
1
05000
03581
0150
5000
0059
0419
01599
01424
11
1
1
1
1
0
+00,0
090,0
-03,3
000,0
0
0
0
0
0
000
00000
0
0
000
000
00000
0
0
0
000
00000


0
0
0
00000
000
00000
0
000
000
000
00000
00000
000
000
00000
000
000
00000
000
000
00000
0
0
0
00000
00000
000
000
00,0
000
000
000
00000
000
000
0
0
0
00000
000
00000
000
000
0
0
0
00000
00000
00000
00000
00000
00000
0
0
000
00000
000
0
000
00000
000
0
00000
000000




00000-00000: 
00000-00000: 
00000-00000: 
00000-00000: 
00000-00000: 
00000-00000: 
MUSC





00000;00000
00000;00000
00000;00000
00000;00000
00000;00000
00000;00000
00000;00000
00000;00000
00000;00000
00000;00000
00000;00000
00000;00000
00000;00000
00001;00000
00002;00000
00002;00000
00002;00000
00002;00000
00001;00000
00001;00000
00001;00000
00002;00000
00002;00010
00006;00026
00012;00043
00022;00075
00032;00096
00045;00117
00058;00133
00073;00149
00083;00178
00091;00190
00098;00192
00103;00196
00107;00209
00108;00218
00109;00245
00110;00280
00110;00329
00111;00388
00118;00422
00129;00478
00138;00529
00145;00594
00151;00659
00161;00714
00170;00761
00178;00786
00186;00782
00193;00766
00198;00768
00199;00781
00201;00807
00206;00815
00208;00814
00207;00818
00207;00833
00209;00867
00215;00922
00220;00986
00228;01038
00239;01053
00248;01046
00257;01035
00268;01033
00280;01042
00289;01057
00291;01092
00292;01114
00297;01128
00300;01139
00302;01180
00305;01237
00306;01302
00308;01360
00309;01397
00312;01416
00316;01394
00315;01358
00312;01330
00311;01318
00309;01314
00308;01320
00308;01317
00306;01300
00304;01292
00304;01310
00304;01335
00307;01388
00307;01452
00311;01510
00317;01535
00325;01521
00330;01506
00339;01495
00352;01487
00355;01470
00361;01459
00368;01443
00374;01427
00379;01406
00382;01404
00379;01440
00382;01475
00380;01520
00375;01559
00378;01589
00381;01599
00385;01597
00388;01564
00386;01531
00381;01520
00383;01519
00384;01529
00384;01539
00391;01545
00403;01528
00418;01464
00427;01374
00435;01298
00448;01222
00462;01113
00474;00971
00481;00815
00480;00665
00476;00524
00463;00405
00446;00366
00430;00367
00427;00356
00419;00344
00409;00343
00403;00358
00397;00377
00403;00398
00415;00401
00419;00394
00414;00376
00407;00353
00399;00339
00397;00325
00393;00316
00391;00312
00383;00310
00374;00307
00362;00308
00358;00316
00359;00326
00362;00337
00364;00357
00364;00378
00362;00392
00361;00388
00362;00374
00363;00359
00363;00354
00363;00352
00370;00355
00377;00370
00383;00382
00389;00388
00395;00393
00400;00411
00405;00434
00411;00450
00416;00456
00419;00454
00420;00454
00422;00433
00426;00401
00428;00380
00423;00383
00416;00391
00409;00394
00400;00404
00394;00426
00390;00444
00385;00450
00377;00466
00366;00492
00356;00514
00355;00509
00357;00487
00360;00465
00367;00445
00372;00420
00374;00425
00377;00436
00382;00454
00387;00466
00391;00474
00395;00487
00400;00517
00405;00557
00411;00604
00421;00640
00432;00648
00440;00656
00448;00643
00459;00629
00472;00623
00487;00634
00503;00657
00514;00681
00516;00691
00513;00707
00508;00735
00505;00756
00502;00791
00496;00827
00488;00867
00483;00888
00474;00875
00470;00858
00474;00848
00484;00844
00493;00856
00504;00864
00511;00883
00517;00909
00523;00936
00528;00974
00535;00999
00530;01016
00519;01025
00504;01026
00492;00998
00475;00987
00463;00947
00454;00903
00445;00843
00435;00784
00421;00772
00422;00767
00426;00759
00433;00749
00438;00755
00446;00760
00454;00782
00460;00802
00462;00837
00466;00868
00472;00869
00477;00839
00483;00821
00490;00808
00498;00802
00507;00789
00513;00782
00518;00780
00525;00765
00525;00752
00516;00757
00506;00813
00498;00867
00491;00914
00482;00950
00473;00978
00469;00975
00464;00966
00460;00969
00464;00970
00477;00988
00490;00986
00503;00970
00515;00962
00529;00958
00544;00958
00558;00970
00570;00987
00584;00990
00585;00973
00573;00931
00560;00879
00545;00845
00532;00809
00519;00781
00506;00780
00495;00794
00489;00790
00482;00783
00481;00788
00495;00793
00508;00790
00507;00775
00502;00766
00496;00739
00487;00698
00475;00661
00464;00624
00451;00591
00442;00567
00432;00559
00424;00567
00429;00582
00438;00592
00447;00605
00457;00615
00465;00622
00473;00657
00483;00694
00494;00714
00505;00714
00514;00702
00524;00697
00536;00687
00545;00709
00556;00720
00567;00731
00575;00725
00579;00719
00585;00726
00582;00739
00573;00754
00564;00771
00553;00810
00545;00817
00536;00829
00528;00829
00524;00819
00522;00804
00507;00788
00498;00787
00492;00799
00484;00807
00474;00804
00467;00812
00460;00835
00459;00863
00459;00900
00462;00931
00472;00960
00484;00966
00500;00951
00519;00934
00542;00900
00564;00867
00579;00819
00581;00778
00575;00745
00569;00718
00567;00691
00566;00673
00563;00673
00558;00688
00549;00729
00539;00750
00537;00772
00545;00772
00553;00758
00559;00745
00560;00729
00560;00733
00558;00740
00556;00723
00554;00686
00546;00662
00536;00637
00525;00636
00516;00658
00508;00691
00507;00724
00502;00721
00489;00697
00476;00682
00466;00675
00465;00687
00465;00692
00466;00696
00468;00682
00467;00657
00464;00648
00467;00652
00480;00667
00480;00678
00478;00699
00474;00700
00467;00693
00462;00687
00459;00682
00459;00676
00461;00648
00457;00638
00455;00643
00464;00651
00476;00650
00486;00635
00496;00628
00506;00620
00515;00621
00524;00635
00522;00648
00520;00644
00517;00624
00512;00604
00505;00583
00501;00587
00498;00595
00494;00595
00486;00598
00477;00590
00480;00605
00489;00617
00501;00632
00513;00636
00527;00634
00534;00627
00528;00614
00523;00610
00521;00595
00519;00575
00513;00541
00506;00525
00499;00522
00493;00528
00485;00535
00482;00535
00492;00544
00500;00547
00510;00562
00518;00591
00529;00613
00534;00631
00535;00630
00537;00624
00543;00616
00548;00622
00556;00640
00565;00664
00570;00678
00577;00682
00583;00707
00593;00721
00595;00739
00585;00750
00573;00771
00560;00770
00547;00758
00533;00749
00521;00736
00510;00719
00499;00687
00493;00668
00501;00668
00522;00663
00530;00645
00526;00634
00520;00616
00511;00593
00501;00580
00493;00582
00486;00584
00476;00577
00464;00546
00449;00524
00447;00501
00459;00483
00473;00481
00490;00490
00507;00502
00521;00512
00535;00525
00547;00543
00561;00564
00574;00589
00582;00632
00590;00671
00603;00687
00615;00685
00610;00667
00595;00644
00579;00619
00565;00598
00550;00600
00533;00609
00523;00600
00512;00591
00496;00588
00476;00594
00475;00608
00484;00629
00495;00650
00502;00662
00510;00647
00519;00624
00528;00597
00533;00581
00540;00579
00551;00589
00562;00615
00576;00631
00589;00644
00601;00656
00609;00673
00616;00682
00618;00711
00622;00731
00627;00735
00619;00726
00608;00705
00595;00680
00578;00645
00562;00623
00551;00623
00542;00629
00536;00623
00534;00618
00532;00615
00536;00618
00542;00618
00546;00634
00554;00657
00567;00662
00579;00642
00586;00619
00588;00596
00575;00573
00561;00570
00552;00576
00545;00581
00539;00581
00537;00593
00531;00608
00527;00622
00523;00635
00524;00656
00533;00683
00542;00684
00552;00669
00547;00658
00538;00629
00525;00578
00512;00541
00496;00529
00482;00528
00468;00523
00460;00515
00456;00523
00448;00523
00450;00512
00456;00523
00458;00545
00459;00557
00460;00556
00463;00542
00467;00525
00471;00499
00473;00478
00478;00477
00488;00481
00498;00477
00511;00483
00527;00486
00547;00482
00562;00484
00559;00492
00557;00510
00555;00518
00547;00524
00540;00534
00536;00535
00535;00524
00533;00522
00526;00540
00523;00567
00536;00588
00547;00606
00557;00627
00569;00639
00579;00646
00584;00669
00588;00694
00593;00715
00598;00715
00603;00700
00609;00686
00620;00666
00626;00656
00631;00648
00637;00642
00644;00635
00654;00625
00647;00610
00630;00603
00613;00611
00596;00634
00579;00672
00569;00697
00560;00715
00553;00723
00548;00714
00545;00705
00555;00703
00566;00718
00572;00736
00577;00740
00582;00728
00586;00719
00590;00708
00591;00707
00590;00726
00585;00751
00585;00779
00596;00776
00613;00756
00632;00733
00651;00711
00667;00685
00672;00667
00659;00655
00642;00642
00623;00631
00600;00619
00575;00617
00552;00625
00526;00663
00499;00700
00478;00741
00470;00766
00483;00786
00499;00786
00514;00781
00529;00768
00545;00769
00559;00779
00572;00765
00586;00753
00600;00735
00609;00732
00622;00724
00636;00731
00653;00741
00670;00750
00683;00742
00690;00717
00691;00679
00687;00638
00680;00602
00677;00572
00672;00550
00659;00521
00643;00500
00632;00489
00632;00477
00632;00477
00623;00491
00618;00514
00615;00544
00611;00562
00605;00590
00603;00611
00602;00620
00602;00619
00594;00646
00594;00680
00609;00711
00626;00742
00643;00764
00657;00783
00670;00793
00679;00814
00683;00839
00684;00859
00686;00854
00690;00824
00692;00787
00694;00745
00697;00701
00706;00660
00709;00632
00706;00605
00707;00589
00703;00588
00699;00595
00694;00605
00690;00622
00689;00633
00684;00651
00675;00672
00678;00689
00690;00696
00709;00682
00739;00655
00749;00638
00750;00640
00749;00632
00745;00624
00740;00620
00734;00620
00729;00613
00724;00620
00723;00642
00716;00670
00732;00675
00749;00658
00768;00624
00766;00598
00757;00566
00746;00546
00734;00532
00730;00508
00728;00473
00717;00440
00701;00416
00695;00410
00690;00429
00696;00449
00710;00466
00724;00466
00733;00473
00734;00481
00735;00484
00735;00479
00732;00486
00724;00500
00719;00510
00720;00518
00726;00519
00719;00519
00710;00505
00700;00503
00685;00516
00675;00542
00673;00548
00671;00534
00664;00514
00654;00499
00645;00494
00650;00505
00664;00530
00679;00553
00690;00566
00704;00566
00709;00574
00709;00582
00707;00602
00707;00625
00710;00649
00714;00668
00715;00675
00716;00662
00710;00650
00701;00640
00697;00633
00701;00649
00712;00658
00717;00669
00723;00669
00734;00644
00731;00618
00720;00606
00714;00599
00709;00598
00705;00592
00702;00573
00692;00546
00687;00514
00676;00484
00655;00489
00647;00504
00648;00516
00652;00530
00658;00542
00665;00562
00672;00579
00683;00609
00699;00642
00729;00661
00747;00663
00760;00655
00767;00648
00773;00629
00777;00611
00776;00592
00774;00596
00769;00600
00758;00609
00737;00636
00728;00667
00727;00704
00733;00742
00741;00792
00752;00835
00765;00876
00780;00902
00799;00901
00820;00897
00850;00877
00887;00832
00899;00785
00898;00733
00891;00681
00879;00648
00868;00615
00855;00578
00839;00556
00817;00530
00787;00525
00744;00552
00723;00586
00717;00631
00716;00646
00726;00650
00743;00642
00765;00636
00792;00628
00825;00614
00843;00590
00849;00563
00851;00530
00855;00493
00867;00474
00891;00442
00900;00423
00891;00405
00865;00396
00832;00395
00809;00401
00804;00405
00806;00412
00801;00420
00790;00438
00769;00465
00756;00470
00750;00471
00766;00466
00781;00461
00784;00456
00780;00442
00766;00429
00752;00411
00742;00386
00725;00369
00707;00374
00698;00397
00681;00428
00668;00456
00664;00481
00668;00500
00681;00509
00694;00529
00703;00554
00711;00576
00720;00593
00720;00594
00719;00586
00724;00576
00736;00568
00754;00570
00765;00575
00765;00572
00763;00581
00766;00597
00765;00617
00771;00635
00774;00659
00775;00687
00785;00691
00804;00669
00813;00653
00824;00641
00835;00613
00845;00568
00857;00508
00865;00463
00869;00425
00869;00389
00859;00374
00823;00383
00801;00384
00792;00383
00784;00392
00769;00414
00751;00453
00740;00490
00730;00509
00718;00519
00705;00528
00702;00544
00700;00575
00695;00611
00695;00644
00697;00669
00698;00691
00696;00698
00701;00717
00711;00740
00723;00764
00740;00773
00771;00750
00799;00718
00825;00666
00851;00609
00858;00557
00858;00527
00856;00501
00854;00476
00853;00454
00847;00445
00827;00453
00809;00460
00789;00483
00766;00505
00759;00521
00764;00513
00768;00489
00768;00460
00758;00431
00744;00399
00728;00379
00713;00373
00707;00382
00699;00408
00693;00432
00683;00454
00675;00483
00671;00515
00674;00550
00685;00574
00710;00569
00729;00552
00741;00524
00752;00489
00764;00447
00769;00419
00772;00396
00778;00372
00787;00345
00790;00338
00781;00343
00766;00346
00763;00338
00766;00344
00776;00357
00782;00373
00791;00375
00798;00369
00799;00351
00806;00323
00818;00309
00821;00306
00812;00319
00794;00321
00777;00321
00769;00303
00757;00307
00746;00316
00747;00343
00736;00376
00718;00397
00719;00405
00726;00395
00731;00382
00732;00373
00735;00378
00739;00381
00738;00388
00730;00392
00729;00393
00730;00400
00725;00421
00727;00434
00734;00441
00739;00437
00751;00420
00763;00393
00769;00362
00769;00326
00765;00296
00761;00273
00756;00243
00741;00239
00724;00243
00711;00252
00688;00270
00665;00287
00656;00305
00649;00327
00645;00341
00644;00346
00646;00354
00654;00343
00665;00326
00681;00304
00695;00286
00704;00279
00707;00280
00711;00270
00723;00261
00736;00254
00746;00245
00751;00248
00747;00252
00739;00271
00738;00290
00738;00303
00740;00291
00733;00284
00718;00286
00699;00292
00678;00298
00663;00307
00659;00318
00649;00319
00637;00317
00636;00319
00633;00343
00641;00375
00659;00395
00672;00402
00690;00409
00693;00418
00691;00420
00697;00415
00700;00410
00699;00411
00703;00412
00698;00412
00679;00417
00666;00430
00654;00441
00654;00441
00658;00454
00657;00477
00654;00495
00657;00502
00661;00480
00664;00448
00665;00417
00669;00396
00668;00380
00663;00374
00661;00361
00662;00347
00666;00335
00659;00325
00644;00335
00640;00347
00644;00358
00644;00354
00638;00339
00637;00323
00629;00301
00612;00281
00595;00264
00585;00253
00580;00249
00578;00243
00570;00243
00560;00252
00556;00268
00551;00281
00547;00305
00552;00323
00560;00338
00565;00351
00564;00349
00558;00355
00557;00351
00562;00345
00573;00337
00578;00334
00579;00332
00577;00334
00572;00333
00570;00324
00570;00321
00569;00315
00564;00300
00556;00281
00546;00261
00544;00236
00545;00202
00547;00168
00544;00151
00537;00155
00527;00174
00521;00190
00520;00218
00523;00236
00524;00261
00522;00288
00520;00325
00517;00362
00517;00391
00521;00403
00528;00397
00540;00384
00549;00370
00552;00369
00554;00370
00559;00377
00567;00387
00580;00392
00594;00385
00608;00374
00615;00372
00616;00383
00618;00393
00627;00397
00640;00402
00652;00406
00665;00393
00673;00375
00676;00366
00678;00378
00686;00398
00695;00417
00705;00435
00721;00448
00753;00438
00774;00424
00773;00423
00761;00437
00760;00446
00759;00443
00755;00424
00753;00398
00749;00374
00743;00365
00724;00375
00707;00386
00708;00392
00709;00394
00707;00403
00706;00405
00704;00411
00699;00422
00696;00435
00692;00427
00684;00418
00675;00409
00670;00402
00673;00388
00676;00367
00672;00358
00670;00363
00668;00366
00666;00375
00657;00396
00648;00414
00650;00424
00653;00427
00653;00440
00649;00459
00649;00470
00654;00465
00660;00458
00666;00447
00675;00442
00693;00434
00712;00424
00717;00429
00717;00434
00721;00433
00727;00433
00732;00437
00737;00452
00740;00478
00740;00502
00730;00518
00713;00543
00706;00555
00709;00546
00713;00535
00719;00520
00722;00517
00725;00514
00724;00504
00727;00493
00737;00491
00746;00490
00751;00493
00752;00505
00750;00524
00748;00542
00750;00537
00751;00512
00758;00480
00752;00452
00737;00437
00723;00431
00716;00423
00715;00425
00715;00418
00705;00416
00689;00431
00673;00460
00658;00500
00656;00536
00656;00557
00660;00572
00666;00576
00667;00571
00669;00568
00673;00565
00680;00565
00689;00567
00716;00552
00739;00527
00747;00505
00749;00480
00743;00471
00736;00470
00726;00467
00716;00464
00709;00446
00706;00410
00691;00377
00681;00356
00678;00342
00677;00328
00678;00313
00678;00303
00685;00296
00696;00301
00701;00311
00699;00332
00690;00355
00676;00384
00668;00412
00664;00436
00670;00454
00682;00459
00694;00451
00702;00427
00702;00415
00703;00420
00702;00433
00698;00443
00695;00451
00692;00450
00686;00448
00677;00456
00662;00482
00651;00516
00652;00536
00655;00529
00667;00506
00668;00481
00666;00465
00661;00459
00654;00463
00651;00467
00650;00467
00647;00476
00645;00492
00648;00514
00651;00530
00666;00536
00689;00523
00714;00504
00737;00487
00746;00463
00744;00438
00741;00406
00742;00379
00743;00352
00732;00342
00720;00337
00701;00348
00677;00357
00657;00355
00649;00355
00657;00361
00666;00371
00676;00368
00684;00357
00697;00351
00708;00349
00714;00358
00720;00366
00732;00384
00738;00404
00742;00407
00745;00409
00740;00426
00720;00459
00701;00490
00687;00513
00682;00518
00676;00533
00669;00539
00664;00533
00661;00526
00665;00503
00668;00482
00671;00464
00674;00445
00676;00429
00677;00416
00672;00397
00665;00387
00661;00387
00660;00396
00651;00410
00635;00410
00627;00397
00621;00385
00616;00375
00611;00373
00614;00379
00620;00382
00624;00385
00621;00383
00618;00390
00631;00394
00648;00398
00659;00406
00665;00414
00668;00414
00669;00424
00669;00436
00668;00423
00674;00412
00692;00385
00705;00375
00706;00377
00704;00380
00703;00381
00705;00385
00703;00375
00703;00359
00709;00363
00707;00378
00696;00393
00681;00393
00672;00378
00674;00361
00672;00341
00667;00326
00664;00320
00658;00316
00649;00324
00644;00331
00637;00350
00634;00364
00635;00386
00639;00401
00646;00415
00654;00425
00670;00417
00689;00405
00694;00392
00692;00364
00692;00336
00689;00326
00684;00325
00674;00335
00666;00343
00661;00345
00649;00357
00636;00376
00638;00389
00640;00412
00641;00430
00645;00435
00649;00421
00652;00403
00654;00384
00655;00381
00658;00384
00661;00388
00662;00399
00673;00394
00679;00397
00681;00403
00683;00425
00684;00442
00686;00462
00691;00473
00699;00460
00711;00436
00717;00404
00712;00384
00707;00371
00708;00367
00713;00356
00715;00347
00716;00339
00712;00332
00702;00339
00685;00356
00670;00373
00659;00394
00655;00402
00649;00393
00640;00384
00637;00381
00638;00373
00640;00370
00648;00363
00657;00356
00659;00354
00669;00348
00676;00348
00675;00354
00672;00371
00665;00383
00657;00403
00650;00406
00638;00417
00627;00423
00625;00421
00618;00418
00613;00416
00615;00426
00623;00433
00637;00436
00649;00435
00652;00446
00653;00455
00655;00461
00657;00474
00657;00489
00657;00501
00658;00498
00655;00473
00651;00455
00652;00432
00661;00416
00676;00397
00683;00389
00687;00391
00695;00384
00699;00381
00700;00379
00704;00400
00706;00422
00708;00453
00709;00464
00704;00486
00705;00508
00710;00513
00713;00524
00719;00539
00729;00584
00736;00634
00745;00673
00756;00690
00758;00709
00758;00718
00759;00727
00761;00748
00763;00769
00767;00783
00770;00761
00775;00715
00777;00680
00776;00664
00788;00661
00806;00648
00826;00623
00842;00597
00863;00562
00877;00526
00880;00492
00871;00487
00860;00481
00850;00471
00840;00447
00825;00439
00807;00434
00790;00424
00769;00422
00750;00423
00741;00449
00743;00472
00752;00487
00760;00493
00758;00505
00755;00512
00753;00517
00748;00528
00744;00547
00740;00563
00741;00556
00741;00532
00733;00517
00725;00512
00727;00512
00733;00514
00740;00520
00767;00506
00793;00479
00816;00461
00835;00444
00852;00437
00864;00429
00863;00426
00859;00416
00855;00412
00852;00408
00834;00412
00817;00404
00808;00390
00796;00388
00785;00390
00774;00389
00774;00390
00774;00392
00776;00389
00775;00383
00771;00391
00764;00416
00756;00445
00754;00464
00757;00471
00767;00479
00785;00477
00798;00486
00808;00496
00820;00514
00828;00524
00835;00545
00842;00560
00843;00565
00843;00582
00839;00598
00830;00610
00827;00616
00823;00617
00824;00615
00846;00590
00868;00541
00883;00491
00900;00458
00912;00430
00912;00398
00911;00380
00913;00356
00911;00333
00902;00315
00877;00328
00851;00352
00835;00378
00813;00399
00796;00398
00794;00394
00797;00380
00795;00378
00798;00374
00801;00364
00805;00354
00803;00351
00795;00346
00791;00331
00785;00334
00780;00341
00777;00352
00774;00353
00765;00366
00757;00384
00751;00390
00752;00383
00755;00385
00757;00403
00761;00418
00761;00436
00758;00449
00758;00464
00770;00460
00784;00446
00781;00451
00774;00466
00771;00477
00770;00473
00772;00453
00778;00427
00795;00392
00812;00363
00815;00348
00804;00347
00805;00344
00808;00339
00806;00334
00803;00326
00796;00334
00783;00348
00757;00377
00732;00408
00718;00435
00715;00461
00719;00477
00726;00483
00740;00488
00759;00512
00774;00533
00786;00563
00797;00596
00807;00628
00815;00656
00826;00665
00833;00673
00835;00692
00832;00709
00830;00707
00835;00694
00841;00671
00849;00649
00859;00629
00870;00614
00874;00615
00874;00619
00874;00622
00881;00631
00887;00633
00886;00640
00884;00655
00879;00671
00875;00690
00872;00703
00876;00707
00877;00698
00882;00673
00885;00630
00893;00600
00895;00592
00897;00575
00894;00561
00889;00539
00882;00513
00876;00486
00886;00471
00889;00477
00878;00498
00860;00515
00856;00509
00857;00499
00861;00491
00861;00491
00860;00502
00856;00522
00843;00538
00837;00556
00842;00578
00846;00598
00847;00636
00853;00674
00861;00687
00860;00686
00858;00671
00851;00668
00842;00661
00833;00639
00821;00621
00810;00629
00801;00627
00787;00620
00773;00629
00777;00637
00782;00651
00782;00646
00778;00643
00770;00648
00764;00650
00760;00632
00755;00608
00752;00599
00753;00590
00749;00607
00748;00624
00757;00642
00770;00678
00789;00720
00810;00748
00828;00773
00842;00817
00855;00879
00869;00965
00889;00994
00907;01016
00922;01040
00943;01034
00965;01016
00990;01002
01014;01000
01032;00988
01041;00940
01035;00862
01021;00814
01006;00772
00991;00738
00970;00732
00945;00723
00915;00720
00887;00705
00867;00682
00856;00669
00856;00670
00861;00689
00869;00712
00879;00728
00887;00740
00895;00769
00905;00793
00920;00826
00941;00853
00960;00862
00969;00848
00971;00824
00965;00794
00947;00777
00936;00740
00937;00687
00933;00639
00922;00600
00894;00585
00869;00599
00854;00617
00844;00635
00839;00657
00843;00673
00848;00700
00840;00714
00829;00723
00821;00717
00820;00688
00824;00641
00828;00598
00824;00563
00817;00532
00808;00498
00794;00472
00782;00469
00774;00480
00770;00499
00770;00526
00762;00562
00752;00600
00752;00631
00756;00650
00765;00671
00781;00679
00797;00667
00810;00648
00819;00636
00822;00626
00827;00624
00833;00619
00846;00601
00858;00593
00862;00586
00865;00585
00868;00591
00865;00590
00860;00570
00857;00545
00849;00513
00838;00492
00822;00483
00805;00484
00795;00486
00781;00487
00767;00506
00763;00514
00757;00527
00753;00554
00752;00587
00751;00604
00750;00624
00752;00644
00758;00667
00765;00668
00768;00656
00765;00656
00766;00674
00771;00688
00776;00697
00792;00703
00805;00695
00805;00680
00802;00663
00796;00673
00792;00683
00788;00697
00787;00684
00789;00651
00791;00607
00783;00572
00771;00556
00772;00548
00771;00539
00770;00528
00771;00521
00776;00512
00777;00499
00780;00499
00780;00519
00779;00550
00781;00577
00780;00596
00784;00614
00800;00614
00811;00606
00817;00604
00825;00620
00830;00640
00838;00653
00841;00668
00845;00673
00848;00669
00845;00663
00831;00671
00822;00674
00816;00677
00808;00664
00798;00638
00792;00605
00793;00560
00789;00533
00785;00534
00785;00535
00786;00545
00785;00557
00782;00560
00781;00575
00780;00600
00771;00642
00763;00676
00760;00711
00761;00733
00762;00747
00767;00733
00779;00726
00791;00718
00805;00714
00824;00720
00840;00725
00856;00724
00871;00697
00882;00659
00886;00623
00894;00609
00891;00598
00885;00601
00876;00600
00864;00580
00856;00551
00853;00537
00855;00529
00861;00519
00866;00501
00861;00492
00860;00478
00858;00468
00857;00460
00855;00465
00854;00477
00852;00474
00854;00462
00854;00454
00865;00451
00879;00438
00888;00430
00906;00409
00922;00403
00930;00403
00937;00404
00944;00415
00946;00432
00949;00444
00951;00463
00952;00482
00950;00498
00938;00511
00926;00503
00921;00479
00913;00449
00898;00429
00881;00417
00861;00419
00838;00415
00821;00409
00810;00407
00805;00405
00804;00414
00803;00440
00805;00471
00810;00487
00815;00504
00821;00508
00827;00524
00832;00529
00843;00527
00866;00517
00882;00510
00895;00504
00905;00498
00916;00500
00922;00501
00925;00505
00925;00501
00927;00504
00933;00500
00936;00509
00936;00520
00935;00515
00937;00501
00935;00493
00940;00489
00947;00497
00955;00501
00962;00517
00957;00534
00947;00541
00938;00535
00923;00544
00908;00560
00901;00565
00889;00558
00871;00553
00852;00564
00833;00561
00820;00565
00803;00577
00794;00596
00796;00605
00795;00613
00792;00626
00789;00640
00789;00640
00789;00629
00785;00639
00780;00656
00779;00672
00782;00684
00786;00683
00788;00670
00787;00648
00788;00636
00791;00638
00794;00637
00799;00633
00802;00623
00803;00609
00804;00593
00804;00586
00805;00584
00804;00581
00802;00572
00798;00560
00795;00554
00791;00539
00789;00527
00790;00521
00794;00513
00796;00506
00791;00509
00792;00528
00792;00549
00795;00563
00798;00577
00803;00595
00808;00606
00811;00620
00803;00632
00793;00630
00791;00619
00790;00594
00786;00574
00783;00563
00782;00545
00777;00540
00773;00537
00767;00539
00770;00548
00778;00567
00784;00587
00793;00611
00800;00637
00804;00665
00807;00689
00815;00691
00827;00685
00837;00665
00845;00648
00845;00643
00843;00645
00837;00645
00842;00633
00856;00600
00881;00570
00901;00545
00909;00534
00916;00530
00919;00522
00923;00500
00923;00477
00923;00463
00921;00453
00918;00456
00899;00469
00881;00491
00870;00513
00861;00536
00859;00557
00859;00579
00862;00608
00865;00635
00869;00663
00865;00683
00862;00701
00859;00704
00859;00692
00860;00674
00857;00674
00856;00686
00865;00680
00878;00674
00902;00654
00929;00631
00956;00601
00978;00578
00983;00575
00980;00575
00979;00566
00977;00537
00973;00508
00966;00477
00949;00458
00930;00460
00907;00468
00889;00477
00888;00469
00896;00462
00898;00452
00901;00455
00901;00467
00901;00475
00901;00480
00897;00483
00895;00495
00889;00492
00881;00499
00874;00506
00873;00516
00875;00530
00885;00546
00889;00577
00885;00600
00883;00621
00886;00626
00896;00628
00908;00627
00917;00624
00923;00618
00921;00614
00909;00600
00900;00577
00901;00566
00901;00557
00896;00555
00893;00567
00890;00588
00883;00613
00880;00649
00882;00670
00885;00694
00887;00730
00889;00769
00896;00806
00909;00811
00913;00809
00915;00803
00928;00784
00945;00747
00970;00725
00979;00708
00981;00677
00978;00633
00969;00579
00959;00561
00951;00551
00945;00539
00933;00543
00914;00551
00885;00545
00874;00533
00875;00527
00880;00534
00896;00552
00913;00568
00929;00585
00942;00598
00962;00599
00976;00601
00984;00610
00989;00627
00988;00639
00985;00649
00971;00664
00957;00658
00946;00652
00939;00642
00937;00623
00934;00603
00930;00603
00929;00601
00928;00596
00926;00580
00927;00556
00925;00550
00918;00546
00906;00553
00889;00567
00892;00562
00906;00531
00915;00498
00924;00466
00938;00441
00944;00423
00945;00413
00955;00408
00971;00391
00988;00381
00980;00392
00970;00417
00965;00441
00958;00467
00950;00480
00955;00484
00962;00478
00956;00466
00948;00455
00950;00448
00963;00447
00980;00447
00983;00456
00983;00464
00974;00481
00963;00491
00954;00499
00956;00516
00954;00546
00937;00568
00925;00575
00914;00566
00919;00546
00928;00523
00948;00503
00971;00485
00992;00467
01005;00442
01009;00421
01013;00415
01011;00418
01017;00417
01020;00418
01013;00426
00997;00438
00977;00450
00965;00454
00976;00449
01005;00428
01027;00413
01048;00400
01049;00402
01045;00404
01051;00405
01065;00397
01095;00381
01111;00379
01095;00386
01067;00408
01041;00427
01017;00444
01002;00450
00996;00438
00997;00416
00998;00397
00971;00397
00946;00401
00936;00408
00926;00409
00920;00402
00919;00391
00913;00376
00902;00380
00884;00399
00861;00419
00856;00433
00857;00429
00864;00420
00877;00410
00890;00398
00902;00379
00914;00385
00928;00393
00950;00396
00970;00397
00985;00396
00997;00413
01003;00434
01000;00443
00992;00455
00986;00466
00983;00457
00977;00439
00969;00421
00969;00402
00971;00378
00970;00364
00957;00354
00947;00356
00948;00347
00947;00341
00936;00342
00928;00350
00912;00359
00891;00368
00870;00384
00854;00382
00851;00377
00855;00366
00850;00355
00843;00353
00844;00358
00851;00359
00860;00357
00869;00357
00872;00360
00867;00365
00860;00370
00848;00379
00842;00393
00839;00401
00834;00400
00822;00406
00816;00421
00810;00439
00810;00468
00814;00507
00821;00547
00829;00576
00834;00609
00844;00636
00858;00652
00874;00671
00888;00674
00905;00688
00925;00682
00938;00663
00948;00630
00958;00588
00962;00545
00958;00511
00954;00498
00944;00494
00929;00506
00912;00506
00889;00516
00876;00529
00863;00553
00849;00586
00842;00611
00838;00635
00830;00643
00819;00635
00814;00619
00809;00600
00808;00593
00807;00585
00804;00571
00804;00573
00805;00585
00807;00607
00817;00624
00849;00630
00866;00652
00880;00691
00891;00712
00904;00730
00915;00753
00925;00752
00936;00750
00944;00724
00942;00724
00924;00753
00923;00768
00924;00762
00936;00741
00940;00724
00953;00703
00965;00697
00966;00694
00969;00704
00976;00691
00984;00645
00989;00596
00995;00554
00991;00534
00990;00513
00982;00501
00969;00495
00961;00488
00951;00479
00940;00476
00928;00492
00917;00514
00903;00529
00892;00542
00882;00556
00877;00559
00878;00552
00893;00540
00903;00535
00910;00560
00915;00595
00919;00620
00921;00653
00924;00675
00927;00690
00931;00704
00937;00722
00931;00765
00929;00806
00937;00809
00942;00788
00950;00778
00960;00760
00967;00749
00973;00746
00973;00749
00964;00767
00962;00772
00965;00778
00965;00782
00968;00805
00967;00818
00969;00841
00967;00851
00962;00852
00961;00841
00961;00812
00962;00774
00961;00729
00961;00725
00968;00719
00973;00707
00966;00690
00963;00677
00965;00670
00964;00675
00968;00684
00981;00689
00988;00688
00988;00667
00977;00629
00967;00602
00966;00571
00966;00554
00961;00538
00958;00530
00953;00522
00937;00523
00921;00533
00912;00538
00911;00551
00907;00557
00904;00566
00907;00568
00917;00560
00918;00549
00909;00537
00900;00515
00889;00479
00871;00438
00846;00394
00817;00350
00781;00306
00740;00260
00691;00220
00649;00179
00615;00141
00580;00114
00547;00091
00518;00076
00494;00061
00476;00052
00464;00045
00454;00037
00445;00037
00437;00033
00429;00032
00423;00026
00417;00024
00414;00019
00411;00023
00409;00031
00414;00053
00427;00078
00443;00107
00461;00142
00481;00163
00503;00192
00526;00223
00547;00264
00570;00308
00593;00354
00607;00383
00614;00413
00623;00429
00630;00449
00637;00480
00642;00499
00644;00513
00647;00520
00648;00505
00646;00487
00647;00471
00649;00462
00649;00465
00650;00460
00649;00457
00649;00459
00653;00471
00657;00477
00662;00501
00668;00523
00674;00553
00677;00573
00681;00599
00685;00615
00690;00616
00694;00616
00699;00610
00705;00619
00708;00630
00710;00639
00712;00643
00713;00643
00714;00628
00714;00629
00715;00635
00716;00644
00715;00655
00717;00654
00721;00637
00727;00622
00735;00610
00744;00606
00755;00610
00765;00618
00775;00634
00789;00655
00802;00684
00812;00691
00816;00708
00817;00735
00817;00766
00816;00794
00817;00816
00820;00811
00820;00792
00817;00763
00814;00726
00814;00727
00821;00736
00828;00728
00836;00718
00846;00699
00852;00684
00858;00680
00864;00688
00872;00705
00881;00711
00885;00697
00887;00668
00889;00637
00891;00609
00892;00593
00894;00579
00899;00573
00908;00557
00913;00538
00914;00525
00918;00502
00921;00499
00930;00503
00942;00497
00947;00483
00949;00471
00949;00454
00949;00443
00952;00425
00961;00414
00975;00411
00985;00407
00984;00413
00979;00428
00981;00438
00992;00439
01002;00441
01006;00442
01012;00448
01013;00450
00999;00460
00992;00450
00996;00426
00996;00399
00990;00386
00974;00381
00961;00369
00950;00359
00940;00359
00933;00352
00930;00343
00921;00356
00910;00376
00900;00399
00897;00400
00900;00401
00899;00405
00897;00398
00897;00380
00896;00378
00901;00376
00913;00375
00919;00380
00923;00382
00924;00396
00926;00417
00931;00441
00937;00479
00946;00515
00960;00546
00965;00579
00972;00593
00987;00592
00998;00591
01009;00605
01021;00618
01033;00642
01044;00676
01050;00725
01058;00758
01064;00794
01067;00827
01070;00860
01074;00891
01089;00882
01100;00871
01109;00836
01108;00779
01097;00713
01079;00663
01070;00611
01063;00573
01055;00537
01057;00498
01052;00471
01044;00442
01030;00436
01021;00440
01018;00444
01016;00449
01016;00452
01017;00444
01016;00435
01013;00431
01012;00444
01017;00454
01033;00448
01046;00446
01057;00452
01074;00446
01089;00436
01091;00443
01088;00448
01080;00453
01066;00456
01049;00470
01033;00489
01025;00496
01019;00485
01008;00487
01000;00492
01003;00491
01017;00502
01022;00521
01023;00535
01020;00555
01014;00579
01008;00610
01001;00656
01002;00695
01007;00716
01006;00717
01008;00711
01035;00685
01060;00666
01076;00636
01085;00602
01092;00559
01095;00526
01092;00495
01081;00479
01072;00487
01059;00492
01029;00515
01004;00543
00991;00570
00989;00596
00994;00614
01012;00595
01032;00571
01055;00548
01067;00528
01068;00519
01072;00508
01082;00478
01085;00450
01085;00426
01080;00424
01067;00442
01051;00459
01035;00468
01026;00465
01026;00452
01023;00440
01016;00441
01020;00441
01015;00446
01011;00444
01009;00448
01006;00456
00994;00467
00987;00487
00983;00507
00981;00535
00980;00546
00987;00548
00998;00541
01000;00535
00993;00522
00986;00516
00986;00519
00990;00521
00998;00522
01000;00523
00998;00530
00984;00543
00973;00558
00973;00575
00981;00586
00990;00595
00993;00594
00996;00579
01002;00561
01018;00528
01032;00513
01051;00500
01070;00491
01076;00492
01077;00511
01077;00524
01080;00551
01084;00585
01081;00628
01073;00675
01073;00703
01068;00721
01061;00723
01063;00701
01067;00664
01072;00635
01077;00607
01078;00591
01083;00577
01091;00558
01093;00549
01093;00557
01098;00576
01103;00609
01105;00638
01111;00671
01120;00692
01132;00680
01145;00650
01141;00624
01131;00606
01122;00586
01117;00563
01112;00544
01102;00538
01092;00524
01079;00514
01065;00534
01052;00562
01047;00593
01049;00623
01059;00634
01066;00632
01076;00622
01088;00599
01100;00580
01116;00561
01128;00551
01137;00539
01146;00528
01149;00503
01151;00494
01170;00479
01182;00469
01177;00465
01170;00461
01163;00451
01153;00427
01137;00412
01127;00398
01121;00393
01112;00387
01084;00400
01064;00411
01067;00428
01070;00439
01065;00472
01068;00506
01083;00528
01090;00547
01096;00561
01101;00567
01104;00574
01101;00578
01093;00575
01086;00578
01084;00567
01084;00562
01074;00572
01070;00580
01067;00585
01065;00598
01062;00619
01066;00654
01071;00686
01081;00722
01092;00747
01098;00754
01113;00749
01130;00739
01154;00728
01167;00718
01178;00698
01183;00670
01182;00648
01177;00620
01170;00605
01163;00604
01148;00611
01134;00629
01119;00648
01118;00657
01130;00658
01161;00642
01185;00620
01193;00609
01195;00596
01198;00590
01202;00589
01201;00580
01193;00572
01181;00563
01158;00573
01119;00610
01093;00644
01084;00680
01081;00708
01079;00717
01077;00713
01080;00712
01086;00720
01096;00741
01107;00753
01128;00742
01142;00740
01151;00725
01159;00713
01163;00707
01162;00712
01158;00723
01157;00740
01155;00744
01155;00739
01139;00743
01130;00752
01129;00760
01125;00768
01125;00791
01133;00811
01158;00800
01174;00760
01173;00732
01166;00725
01164;00725
01168;00699
01168;00692
01171;00683
01172;00654
01171;00615
01152;00602
01134;00603
01135;00607
01152;00592
01158;00582
01155;00603
01159;00610
01163;00611
01173;00618
01190;00636
01211;00642
01220;00658
01217;00672
01206;00687
01207;00697
01215;00691
01215;00677
01214;00672
01206;00689
01195;00699
01181;00713
01182;00715
01195;00707
01210;00702
01221;00677
01227;00651
01236;00642
01238;00625
01240;00580
01241;00535
01240;00506
01241;00484
01234;00468
01221;00463
01213;00489
01214;00526
01228;00524
01246;00519
01248;00536
01248;00574
01254;00595
01253;00622
01252;00651
01256;00676
01256;00675
01252;00656
01236;00646
01225;00643
01228;00641
01233;00631
01251;00614
01254;00607
01251;00607
01249;00614
01248;00627
01247;00660
01244;00723
01238;00796
01238;00841
01248;00852
01251;00861
01255;00847
01266;00827
01272;00793
01284;00761
01291;00719
01292;00665
01297;00597
01300;00546
01290;00514
01261;00488
01251;00473
01251;00446
01245;00435
01233;00419
01231;00401
01229;00383
01221;00373
01207;00374
01201;00379
01205;00389
01209;00388
01200;00396
01190;00394
01176;00401
01152;00410
01129;00425
01114;00436
01108;00428
01103;00412
01092;00407
01081;00406
01075;00412
01071;00413
01076;00409
01080;00411
01083;00407
01077;00405
01063;00413
01041;00434
01025;00451
01010;00479
00997;00495
00985;00509
00974;00513
00968;00511
00963;00503
00966;00490
00965;00480
00967;00476
00974;00469
00976;00452
00975;00436
00975;00435
00976;00443
00982;00453
00987;00469
00987;00482
00991;00481
00996;00465
00993;00445
00998;00429
01003;00417
01007;00400
01011;00399
01008;00404
01006;00410
01011;00423
01015;00450
01017;00494
01024;00532
01027;00561
01035;00584
01040;00600
01046;00598
01051;00589
01053;00577
01056;00565
01064;00557
01074;00550
01094;00538
01101;00533
01102;00530
01107;00537
01109;00546
01114;00572
01122;00599
01129;00618
01127;00619
01123;00596
01109;00585
01103;00579
01099;00590
01095;00593
01095;00607
01099;00594
01099;00575
01107;00561
01124;00559
01128;00580
01129;00605
01137;00635
01150;00633
01165;00633
01172;00603
01169;00585
01167;00576
01159;00580
01148;00594
01147;00609
01161;00599
01169;00572
01161;00561
01149;00565
01142;00589
01141;00611
01143;00640
01146;00659
01147;00659
01153;00645
01150;00640
01149;00638
01169;00640
01194;00630
01203;00636
01205;00653
01205;00665
01203;00680
01204;00701
01202;00714
01200;00756
01199;00818
01189;00884
01184;00941
01204;00949
01214;00941
01225;00933
01240;00924
01253;00920
01261;00932
01268;00923
01278;00884
01285;00822
01292;00770
01303;00743
01319;00725
01318;00704
01302;00685
01285;00653
01275;00610
01267;00571
01252;00551
01240;00553
01221;00546
01189;00557
01163;00567
01157;00579
01163;00593
01173;00619
01184;00651
01195;00683
01207;00718
01221;00754
01241;00797
01267;00819
01298;00825
01328;00805
01346;00780
01356;00755
01349;00749
01337;00742
01325;00727
01310;00698
01292;00671
01270;00656
01241;00664
01219;00696
01210;00724
01214;00721
01235;00686
01245;00650
01251;00621
01256;00610
01259;00598
01261;00605
01272;00588
01274;00571
01265;00564
01250;00580
01232;00612
01229;00657
01230;00694
01237;00724
01249;00745
01270;00736
01287;00732
01295;00714
01295;00698
01296;00700
01294;00704
01287;00693
01283;00686
01282;00660
01272;00647
01250;00644
01223;00649
01210;00663
01216;00661
01234;00623
01232;00578
01231;00540
01231;00504
01225;00487
01225;00468
01228;00463
01227;00460
01225;00476
01220;00501
01204;00550
01213;00602
01248;00620
01274;00632
01279;00649
01279;00671
01276;00688
01276;00692
01275;00667
01271;00646
01272;00629
01274;00605
01254;00600
01242;00595
01257;00571
01264;00549
01266;00532
01271;00522
01286;00522
01300;00526
01313;00509
01313;00481
01297;00464
01280;00458
01259;00464
01248;00468
01246;00459
01245;00461
01231;00466
01216;00463
01199;00479
01194;00503
01201;00532
01205;00564
01205;00591
01211;00607
01207;00624
01201;00627
01204;00623
01206;00622
01207;00636
01200;00665
01198;00679
01196;00668
01194;00660
01195;00653
01209;00635
01215;00636
01216;00647
01216;00669
01217;00655
01222;00619
01237;00581
01252;00567
01260;00548
01253;00532
01233;00535
01225;00523
01217;00507
01209;00482
01199;00477
01190;00482
01175;00493
01155;00498
01145;00503
01149;00493
01152;00480
01148;00462
01144;00450
01138;00438
01134;00452
01130;00479
01120;00499
01115;00513
01109;00523
01100;00548
01096;00572
01096;00606
01102;00640
01115;00667
01133;00659
01154;00622
01190;00582
01212;00556
01220;00539
01219;00532
01218;00532
01215;00525
01215;00507
01214;00493
01204;00491
01187;00503
01153;00529
01137;00546
01143;00551
01156;00539
01165;00517
01171;00501
01175;00484
01180;00467
01189;00468
01196;00467
01214;00459
01226;00450
01223;00455
01219;00469
01221;00493
01236;00512
01255;00525
01257;00532
01253;00517
01247;00503
01231;00499
01217;00493
01207;00486
01200;00480
01192;00471
01174;00468
01152;00485
01155;00499
01171;00506
01182;00508
01184;00510
01189;00515
01203;00516
01214;00509
01224;00498
01228;00470
01229;00436
01216;00411
01195;00408
01191;00407
01201;00413
01200;00417
01194;00405
01190;00395
01182;00391
01178;00407
01174;00424
01176;00440
01178;00436
01173;00436
01166;00424
01167;00415
01174;00416
01177;00428
01180;00442
01184;00465
01188;00485
01188;00502
01193;00528
01200;00549
01200;00571
01193;00590
01178;00612
01172;00636
01174;00658
01178;00653
01187;00651
01200;00647
01211;00643
01234;00644
01256;00652
01274;00663
01289;00679
01297;00690
01303;00706
01310;00733
01317;00758
01323;00769
01318;00751
01295;00726
01284;00696
01281;00661
01281;00621
01286;00581
01290;00534
01300;00485
01300;00435
01288;00407
01274;00407
01267;00422
01254;00441
01246;00454
01235;00471
01221;00485
01214;00503
01201;00502
01194;00508
01189;00515
01190;00536
01192;00549
01192;00559
01192;00582
01197;00605
01209;00625
01214;00639
01211;00671
01212;00695
01218;00715
01224;00703
01232;00688
01257;00670
01299;00636
01322;00600
01320;00580
01318;00565
01321;00553
01319;00539
01317;00532
01322;00529
01325;00536
01306;00554
01269;00587
01248;00621
01248;00639
01257;00637
01266;00616
01271;00601
01277;00585
01278;00586
01283;00583
01289;00576
01297;00571
01313;00557
01327;00539
01315;00552
01300;00584
01296;00613
01294;00634
01289;00627
01284;00612
01280;00594
01270;00582
01257;00587
01246;00599
01255;00591
01260;00582
01254;00575
01248;00581
01239;00606
01231;00646
01228;00708
01231;00760
01241;00783
01255;00776
01272;00759
01289;00729
01300;00704
01306;00680
01313;00687
01321;00695
01330;00669
01335;00636
01332;00612
01326;00618
01328;00633
01335;00653
01341;00671
01349;00682
01356;00661
01369;00620
01374;00594
01383;00574
01388;00567
01383;00561
01365;00566
01353;00566
01344;00559
01330;00547
01317;00533
01303;00532
01294;00532
01284;00544
01277;00534
01271;00527
01258;00525
01240;00520
01235;00518
01241;00516
01246;00535
01244;00559
01239;00583
01243;00587
01252;00593
01259;00591
01269;00587
01283;00600
01306;00607
01318;00618
01330;00602
01341;00573
01355;00543
01354;00518
01353;00508
01371;00502
01389;00485
01397;00474
01390;00469
01390;00459
01392;00444
01381;00442
01367;00442
01357;00447
01341;00449
01309;00453
01285;00455
01271;00438
01260;00425
01251;00423
01249;00435
01258;00444
01267;00452
01273;00455
01275;00464
01285;00468
01288;00484
01284;00512
01281;00543
01279;00564
01272;00577
01267;00577
01262;00563
01256;00555
01252;00556
01246;00560
01241;00558
01242;00561
01250;00546
01268;00530
01286;00511
01298;00510
01308;00518
01317;00521
01321;00516
01321;00523
01325;00533
01328;00518
01326;00511
01315;00507
01310;00514
01290;00521
01272;00529
01265;00531
01262;00538
01261;00531
01257;00530
01253;00541
01247;00558
01236;00571
01218;00584
01221;00578
01243;00554
01282;00523
01311;00499
01335;00475
01347;00446
01355;00426
01361;00415
01361;00406
01360;00389
01358;00388
01345;00405
01313;00437
01293;00450
01271;00458
01256;00469
01245;00474
01244;00464
01247;00460
01249;00476
01252;00489
01250;00504
01245;00517
01241;00527
01248;00535
01255;00549
01256;00569
01249;00590
01246;00608
01248;00607
01250;00598
01260;00579
01267;00551
01268;00539
01264;00537
01264;00527
01269;00519
01295;00507
01315;00501
01319;00489
01316;00498
01306;00510
01301;00534
01298;00544
01290;00559
01285;00575
01280;00568
01257;00562
01238;00544
01230;00555
01229;00561
01232;00568
01235;00572
01238;00577
01242;00569
01247;00565
01249;00578
01246;00596
01247;00610
01253;00598
01256;00568
01252;00545
01247;00518
01252;00503
01258;00493
01257;00488
01261;00485
01264;00483
01266;00486
01271;00490
01283;00508
01305;00523
01313;00542
01305;00559
01300;00589
01299;00605
01297;00604
01294;00592
01291;00580
01290;00578
01282;00583
01265;00594
01255;00603
01251;00613
01249;00610
01248;00604
01250;00612
01254;00619
01252;00634
01247;00643
01243;00629
01244;00605
01250;00580
01257;00569
01262;00559
01268;00560
01271;00571
01285;00579
01305;00579
01313;00582
01314;00605
01313;00635
01312;00665
01308;00679
01307;00688
01312;00674
01317;00648
01308;00630
01295;00617
01293;00619
01299;00630
01314;00629
01322;00626
01322;00614
01319;00618
01308;00640
01299;00668
01298;00692
01295;00705
01291;00701
01286;00674
01286;00644
01290;00611
01294;00595
01296;00571
01295;00559
01291;00543
01286;00545
01292;00551
01303;00545
01303;00556
01289;00587
01279;00618
01279;00633
01288;00632
01295;00609
01298;00591
01300;00566
01294;00552
01285;00574
01286;00594
01289;00605
01297;00609
01314;00612
01326;00616
01334;00626
01345;00637
01355;00652
01366;00661
01382;00643
01406;00603
01424;00574
