027
1.29
PD500-0212
001157 001239 001049
1.11 1.40 1.30
CORE MUSC 2 2ND
19.06.2015
15:19:45
010
10000
05014
1
05000
04314
0150
5000
0074
0559
01731
01848
4
1
1
1
1
0
+00,0
090,4
+00,4
006,9
0
0
0
0
0
000
00000
0
0
000
000
00000
0
0
0
000
00000


0
0
0
00000
000
00000
0
000
000
000
00000
00000
000
000
00000
000
000
00000
000
000
00000
0
0
0
00000
00000
000
000
00,0
000
000
000
00000
000
000
0
0
0
00000
000
00000
000
000
0
0
0
00000
00000
00000
00000
00000
00000
0
0
000
00000
000
0
000
00000
000
0
00000
000000




00000-00000: 
00000-00000: 
00000-00000: 
00000-00000: 
00000-00000: 
00000-00000: 
MUSC 2





00245;00719
00255;00700
00270;00717
00294;00744
00313;00790
00317;00872
00339;00996
00367;01107
00393;01203
00431;01198
00451;01195
00474;01201
00493;01192
00505;01148
00505;01075
00501;00963
00488;00819
00470;00654
00450;00511
00413;00472
00383;00484
00366;00501
00350;00524
00339;00554
00332;00585
00329;00619
00331;00660
00335;00711
00341;00750
00343;00780
00342;00785
00337;00760
00331;00721
00324;00683
00320;00640
00310;00611
00297;00594
00284;00580
00272;00585
00263;00584
00253;00588
00243;00634
00239;00675
00236;00725
00233;00766
00233;00788
00234;00801
00235;00782
00236;00746
00236;00716
00239;00694
00242;00670
00243;00654
00244;00622
00242;00576
00239;00536
00236;00501
00233;00494
00230;00498
00226;00510
00224;00500
00221;00461
00217;00428
00213;00408
00213;00414
00216;00438
00220;00452
00224;00465
00226;00479
00229;00480
00230;00489
00231;00510
00235;00515
00236;00511
00233;00487
00225;00442
00216;00411
00204;00369
00196;00314
00188;00261
00178;00220
00169;00200
00161;00192
00156;00179
00151;00177
00148;00179
00148;00171
00151;00181
00152;00206
00156;00238
00162;00277
00170;00287
00182;00289
00197;00306
00216;00327
00236;00357
00256;00388
00274;00418
00289;00440
00301;00447
00315;00433
00325;00438
00329;00458
00327;00471
00324;00473
00322;00466
00321;00453
00321;00427
00324;00395
00328;00377
00331;00375
00338;00382
00350;00378
00358;00377
00366;00383
00374;00403
00385;00445
00397;00479
00412;00517
00427;00546
00444;00549
00458;00528
00463;00498
00462;00471
00461;00439
00460;00388
00455;00316
00449;00267
00437;00219
00410;00176
00378;00150
00346;00143
00320;00158
00304;00165
00290;00169
00273;00185
00262;00206
00253;00215
00249;00209
00255;00202
00265;00201
00276;00207
00292;00182
00301;00165
00302;00159
00301;00147
00298;00127
00291;00108
00279;00108
00273;00115
00264;00112
00254;00091
00240;00082
00230;00074
00232;00062
00235;00048
00238;00038
00239;00040
00241;00042
00240;00040
00240;00031
00241;00031
00245;00038
00248;00047
00245;00082
00244;00114
00243;00148
00244;00170
00246;00179
00249;00184
00256;00201
00263;00217
00259;00240
00257;00273
00263;00279
00267;00282
00273;00283
00279;00295
00286;00322
00295;00355
00303;00370
00310;00376
00319;00360
00326;00338
00331;00315
00338;00304
00348;00290
00360;00278
00364;00262
00359;00236
00351;00226
00344;00227
00338;00243
00335;00254
00331;00265
00324;00267
00316;00275
00305;00268
00301;00248
00306;00247
00315;00249
00326;00252
00333;00259
00341;00265
00349;00277
00359;00293
00369;00301
00381;00314
00398;00333
00417;00337
00421;00327
00420;00313
00421;00283
00425;00252
00429;00218
00423;00194
00414;00180
00405;00175
00392;00170
00369;00172
00358;00182
00354;00192
00355;00205
00355;00216
00348;00227
00341;00228
00336;00230
00328;00217
00321;00202
00318;00185
00316;00171
00309;00175
00300;00197
00291;00213
00287;00230
00289;00249
00294;00265
00302;00295
00312;00327
00322;00366
00331;00389
00342;00389
00348;00370
00354;00358
00359;00341
00363;00326
00366;00314
00367;00305
00371;00293
00369;00276
00364;00275
00362;00274
00365;00284
00366;00295
00370;00304
00371;00308
00372;00315
00377;00312
00380;00301
00384;00280
00380;00249
00366;00230
00350;00218
00334;00207
00320;00201
00310;00197
00300;00190
00286;00190
00271;00197
00257;00218
00255;00242
00260;00262
00270;00259
00283;00254
00294;00250
00303;00247
00311;00248
00318;00257
00324;00279
00334;00287
00344;00296
00354;00301
00361;00325
00371;00353
00381;00370
00384;00374
00375;00363
00366;00342
00355;00300
00341;00267
00328;00236
00317;00222
00305;00205
00291;00188
00275;00175
00264;00171
00264;00173
00265;00181
00269;00201
00271;00225
00274;00241
00276;00239
00277;00226
00279;00207
00284;00195
00292;00188
00304;00185
00316;00178
00319;00170
00317;00153
00310;00147
00303;00142
00295;00146
00285;00155
00273;00164
00261;00170
00251;00177
00242;00192
00241;00194
00249;00195
00261;00188
00276;00187
00293;00198
00307;00213
00326;00211
00333;00204
00327;00204
00322;00201
00318;00212
00314;00222
00305;00231
00292;00240
00281;00229
00273;00212
00261;00211
00257;00213
00260;00211
00264;00212
00268;00218
00271;00230
00281;00239
00292;00238
00301;00244
00303;00252
00297;00264
00291;00279
00289;00303
00288;00312
00286;00296
00280;00278
00271;00273
00265;00287
00263;00314
00264;00333
00272;00355
00284;00381
00296;00394
00306;00399
00311;00414
00314;00436
00319;00449
00321;00446
00319;00425
00320;00409
00327;00387
00333;00363
00336;00346
00340;00345
00347;00358
00357;00357
00366;00363
00373;00363
00380;00377
00393;00388
00394;00417
00390;00443
00388;00455
00384;00456
00381;00435
00376;00425
00373;00410
00371;00410
00369;00429
00361;00452
00364;00460
00371;00458
00380;00458
00389;00456
00396;00468
00404;00489
00411;00517
00418;00523
00422;00498
00426;00453
00418;00408
00402;00369
00385;00339
00371;00327
00358;00327
00349;00318
00339;00309
00331;00318
00328;00335
00325;00360
00329;00388
00342;00427
00357;00447
00368;00455
00377;00439
00382;00419
00391;00388
00405;00357
00418;00340
00428;00331
00434;00323
00429;00306
00421;00301
00411;00291
00402;00296
00397;00319
00393;00336
00384;00346
00379;00340
00379;00323
00387;00300
00407;00267
00416;00240
00413;00230
00415;00228
00418;00214
00419;00209
00416;00212
00411;00222
00404;00246
00398;00277
00388;00316
00392;00347
00407;00367
00422;00375
00433;00373
00441;00367
00445;00359
00444;00374
00444;00389
00443;00395
00444;00398
00445;00410
00447;00424
00450;00443
00454;00472
00463;00505
00478;00531
00491;00523
00501;00494
00497;00458
00486;00423
00474;00401
00464;00392
00455;00383
00446;00372
00436;00363
00424;00367
00413;00384
00404;00414
00410;00451
00423;00493
00441;00513
00447;00529
00447;00535
00448;00543
00453;00548
00462;00555
00472;00577
00484;00614
00500;00643
00517;00663
00530;00679
00550;00683
00571;00692
00585;00700
00591;00701
00589;00689
00585;00656
00578;00599
00567;00552
00556;00515
00547;00513
00544;00509
00542;00502
00546;00503
00558;00523
00579;00547
00600;00569
00621;00598
00641;00634
00665;00671
00687;00690
00710;00699
00733;00701
00745;00666
00725;00610
00698;00558
00673;00517
00645;00485
00620;00452
00593;00408
00566;00350
00530;00309
00492;00283
00460;00302
00462;00326
00471;00346
00474;00356
00481;00344
00482;00330
00481;00322
00482;00327
00490;00338
00502;00358
00516;00362
00525;00361
00533;00364
00544;00363
00551;00382
00558;00404
00565;00427
00574;00435
00576;00424
00561;00408
00543;00386
00524;00364
00512;00342
00505;00327
00499;00320
00496;00309
00496;00299
00494;00286
00494;00283
00509;00273
00520;00284
00518;00310
00513;00326
00504;00331
00494;00311
00482;00300
00470;00291
00461;00307
00455;00334
00457;00354
00462;00349
00471;00344
00479;00350
00486;00362
00493;00389
00501;00414
00506;00436
00508;00436
00504;00429
00491;00445
00486;00463
00493;00462
00498;00451
00502;00456
00507;00464
00510;00453
00507;00444
00497;00451
00487;00452
00482;00429
00473;00419
00460;00421
00450;00429
00449;00419
00454;00386
00471;00364
00503;00333
00532;00288
00541;00252
00542;00237
00544;00214
00544;00194
00543;00178
00533;00167
00519;00177
00501;00189
00471;00212
00446;00244
00446;00273
00453;00281
00459;00280
00466;00280
00476;00277
00484;00278
00492;00295
00508;00299
00533;00275
00538;00242
00530;00216
00519;00200
00511;00198
00504;00201
00497;00211
00495;00209
00502;00171
00503;00140
00480;00131
00467;00126
00466;00114
00466;00111
00463;00118
00462;00119
00459;00113
00455;00114
00443;00134
00431;00160
00433;00177
00436;00186
00439;00199
00441;00212
00444;00201
00446;00185
00450;00169
00452;00160
00452;00172
00449;00188
00450;00222
00455;00260
00464;00293
00476;00320
00493;00358
00511;00404
00532;00445
00555;00476
00588;00472
00616;00444
00627;00411
00637;00388
00646;00365
00651;00354
00653;00344
00662;00327
00658;00302
00636;00284
00605;00274
00568;00287
00549;00288
00547;00266
00548;00240
00550;00204
00541;00170
00520;00134
00502;00109
00499;00085
00493;00080
00494;00078
00494;00080
00486;00095
00468;00107
00450;00121
00439;00136
00435;00158
00429;00184
00422;00208
00421;00215
00427;00205
00435;00204
00439;00214
00443;00243
00453;00270
00466;00288
00479;00300
00503;00312
00532;00319
00544;00335
00548;00363
00546;00391
00547;00415
00550;00422
00558;00416
00567;00413
00576;00388
00577;00351
00560;00315
00550;00284
00541;00256
00537;00231
00533;00207
00529;00185
00522;00166
00512;00161
00505;00191
00494;00232
00498;00264
00510;00288
00532;00298
00550;00292
00550;00281
00542;00287
00536;00303
00539;00289
00531;00271
00526;00246
00522;00216
00514;00181
00498;00158
00475;00146
00471;00138
00471;00117
00468;00096
00452;00094
00448;00077
00450;00061
00451;00060
00461;00061
00470;00061
00478;00069
00487;00073
00498;00076
00508;00070
00521;00066
00529;00079
00531;00100
00529;00122
00527;00148
00533;00152
00539;00139
00540;00130
00547;00127
00552;00133
00542;00142
00527;00148
00514;00153
00507;00170
00506;00187
00500;00227
00494;00260
00492;00287
00482;00313
00480;00334
00493;00338
00507;00324
00520;00305
00526;00278
00525;00258
00519;00242
00519;00246
00526;00250
00538;00237
00556;00213
00560;00189
00562;00178
00559;00171
00551;00161
00539;00142
00531;00116
00523;00087
00512;00053
00493;00030
00465;00032
00449;00050
00438;00071
00432;00088
00431;00105
00437;00125
00445;00151
00451;00170
00453;00191
00460;00217
00469;00226
00486;00225
00500;00216
00525;00199
00553;00180
00566;00156
00572;00125
00575;00102
00575;00092
00575;00077
00571;00068
00557;00060
00549;00058
00527;00064
00500;00068
00485;00076
00473;00081
00466;00079
00461;00072
00456;00072
00451;00075
00448;00088
00446;00099
00451;00119
00458;00145
00466;00168
00486;00183
00524;00183
00561;00179
00586;00170
00598;00161
00608;00154
00610;00134
00607;00107
00602;00078
00602;00056
00597;00050
00566;00076
00534;00116
00521;00148
00516;00172
00512;00201
00515;00244
00523;00280
00534;00310
00537;00318
00537;00312
00546;00283
00550;00251
00543;00226
00537;00205
00531;00175
00525;00151
00518;00142
00506;00139
00495;00147
00486;00176
00481;00217
00485;00256
00493;00290
00506;00337
00524;00374
00536;00385
00545;00383
00563;00380
00586;00385
00601;00399
00611;00412
00620;00399
00619;00390
00618;00365
00613;00343
00607;00339
00604;00336
00596;00339
00586;00341
00586;00321
00599;00291
00624;00282
00645;00278
00665;00290
00681;00311
00691;00343
00702;00379
00713;00414
00719;00451
00727;00473
00737;00469
00728;00450
00718;00435
00705;00411
00693;00386
00689;00346
00681;00313
00671;00279
00663;00246
00648;00245
00619;00273
00593;00313
00582;00342
00578;00365
00572;00378
00574;00399
00574;00408
00573;00418
00572;00423
00568;00415
00566;00396
00564;00388
00563;00384
00568;00396
00586;00398
00608;00377
00615;00349
00618;00322
00619;00295
00624;00270
00624;00259
00621;00246
00616;00228
00606;00197
00588;00186
00560;00192
00548;00205
00546;00217
00555;00211
00575;00199
00579;00197
00579;00199
00581;00203
00583;00208
00581;00218
00578;00236
00577;00253
00575;00276
00568;00315
00553;00359
00560;00376
00571;00398
00582;00414
00596;00430
00612;00430
00625;00425
00638;00420
00645;00417
00641;00404
00633;00384
00621;00385
00611;00367
00602;00347
00592;00318
00575;00305
00561;00299
00544;00291
00533;00267
00526;00260
00528;00269
00538;00253
00543;00245
00540;00259
00535;00282
00535;00302
00536;00317
00539;00347
00542;00389
00552;00424
00557;00436
00559;00449
00567;00451
00579;00441
00589;00446
00602;00451
00612;00463
00626;00477
00646;00472
00655;00463
00656;00457
00653;00467
00645;00480
00638;00498
00637;00497
00636;00496
00633;00485
00622;00456
00600;00447
00586;00453
00580;00479
00577;00515
00577;00565
00581;00599
00583;00623
00592;00631
00624;00613
00643;00601
00654;00582
00664;00551
00672;00510
00678;00448
00678;00376
00671;00316
00660;00279
00646;00254
00609;00266
00589;00295
00583;00321
00577;00345
00570;00362
00568;00395
00571;00440
00580;00485
00591;00519
00601;00551
00611;00560
00618;00549
00634;00521
00653;00489
00661;00479
00676;00477
00684;00474
00690;00473
00697;00471
00703;00472
00712;00482
00711;00481
00689;00491
00664;00515
00657;00525
00644;00505
00633;00476
00622;00452
00616;00448
00613;00446
00610;00458
00612;00478
00624;00504
00638;00536
00655;00544
00669;00557
00679;00571
00688;00585
00691;00590
00688;00589
00681;00579
00674;00561
00667;00541
00661;00512
00647;00507
00640;00521
00637;00532
00626;00547
00618;00554
00615;00563
00613;00583
00615;00621
00623;00669
00632;00712
00640;00761
00639;00790
00650;00815
00681;00804
00703;00791
00713;00788
00717;00784
00722;00769
00725;00740
00721;00720
00716;00679
00709;00648
00696;00625
00667;00635
00643;00636
00638;00607
00638;00570
00633;00531
00622;00493
00619;00445
00623;00418
00624;00413
00625;00403
00633;00358
00638;00324
00633;00317
00631;00310
00630;00312
00638;00311
00640;00319
00630;00318
00624;00294
00621;00275
00620;00271
00618;00264
00617;00260
00616;00267
00615;00283
00610;00306
00607;00329
00615;00354
00627;00387
00636;00415
00641;00441
00650;00465
00660;00488
00672;00518
00690;00522
00709;00514
00723;00515
00737;00522
00750;00557
00764;00600
00776;00650
00787;00682
00797;00716
00812;00726
00838;00733
00843;00758
00845;00789
00848;00818
00847;00795
00847;00764
00848;00744
00851;00742
00853;00731
00846;00741
00825;00788
00827;00837
00831;00879
00828;00921
00832;00975
00835;01044
00834;01132
00839;01230
00852;01336
00867;01447
00884;01499
00904;01485
00924;01449
00943;01388
00943;01373
00951;01326
00951;01245
00944;01149
00932;01034
00916;00893
00890;00806
00862;00775
00840;00751
00813;00744
00793;00698
00769;00665
00753;00645
00746;00630
00739;00642
00736;00663
00738;00690
00740;00726
00742;00771
00755;00787
00773;00805
00791;00836
00808;00874
00817;00900
00824;00921
00832;00924
00854;00886
00867;00807
00867;00719
00858;00664
00853;00639
00854;00607
00855;00557
00853;00509
00849;00459
00845;00435
00831;00444
00830;00464
00839;00487
00848;00501
00847;00491
00842;00475
00837;00470
00835;00478
00841;00482
00845;00478
00845;00476
00840;00493
00846;00494
00861;00493
00867;00501
00868;00529
00867;00561
00872;00598
00876;00630
00880;00656
00883;00711
00889;00725
00889;00719
00877;00698
00874;00679
00869;00663
00863;00656
00854;00634
00844;00613
00837;00606
00833;00564
00825;00561
00810;00605
00801;00653
00799;00687
00808;00683
00818;00666
00828;00653
00837;00642
00843;00630
00854;00611
00868;00600
00878;00590
00893;00579
00912;00571
00927;00568
00927;00570
00923;00562
00916;00554
00914;00550
00907;00551
00889;00512
00874;00470
00854;00444
00832;00430
00807;00439
00797;00458
00792;00489
00791;00515
00787;00523
00785;00522
00782;00560
00793;00587
00799;00594
00799;00576
00795;00550
00797;00524
00801;00502
00805;00489
00809;00490
00811;00502
00820;00521
00818;00543
00834;00561
00849;00580
00857;00598
00859;00614
00858;00634
00860;00661
00861;00675
00862;00678
00863;00654
00860;00631
00844;00630
00839;00654
00848;00686
00859;00696
00863;00698
00867;00671
00868;00642
00869;00623
00867;00613
00866;00616
00863;00627
00857;00624
00855;00589
00848;00562
00848;00534
00857;00505
00871;00480
00875;00467
00877;00477
00888;00487
00898;00497
00912;00513
00928;00529
00940;00538
00944;00545
00931;00568
00914;00579
00900;00579
00891;00556
00880;00527
00872;00486
00863;00460
00844;00467
00831;00491
00827;00511
00828;00523
00830;00536
00835;00542
00838;00555
00836;00570
00837;00579
00841;00566
00843;00533
00850;00495
00853;00466
00852;00445
00851;00435
00847;00433
00841;00445
00838;00453
00835;00469
00838;00489
00837;00525
00830;00567
00828;00614
00827;00649
00829;00680
00837;00709
00850;00701
00870;00680
00885;00641
00884;00607
00884;00581
00892;00544
00903;00495
00908;00455
00908;00421
00902;00394
00895;00387
00883;00388
00871;00400
00868;00399
00867;00363
00857;00331
00840;00309
00828;00296
00818;00296
00817;00291
00816;00293
00813;00312
00809;00338
00802;00370
00804;00408
00802;00442
00803;00477
00807;00491
00808;00493
00807;00492
00803;00473
00796;00449
00787;00427
00784;00425
00781;00461
00784;00501
00792;00531
00800;00566
00811;00598
00821;00635
00833;00692
00849;00748
00864;00808
00880;00834
00896;00794
00908;00736
00902;00680
00889;00639
00879;00611
00874;00581
00869;00563
00867;00533
00864;00488
00855;00438
00837;00427
00822;00424
00814;00428
00812;00426
00812;00415
00810;00396
00804;00355
00791;00321
00778;00291
00767;00300
00763;00330
00758;00369
00760;00413
00766;00460
00780;00473
00783;00487
00785;00507
00785;00522
00785;00540
00787;00545
00792;00515
00798;00480
00800;00445
00807;00415
00802;00433
00809;00456
00818;00481
00827;00500
00842;00507
00849;00516
00857;00546
00866;00584
00881;00606
00897;00611
00900;00587
00891;00576
00890;00556
00891;00532
00886;00520
00890;00513
00892;00505
00895;00484
00899;00477
00889;00491
00893;00523
00907;00551
00924;00581
00939;00622
00953;00667
00972;00685
00993;00652
00990;00629
00974;00603
00962;00574
00956;00559
00952;00547
00944;00538
00937;00529
00933;00522
00927;00507
00914;00535
00915;00558
00918;00588
00918;00615
00915;00620
00907;00614
00898;00589
00891;00562
00886;00542
00875;00561
00869;00607
00869;00655
00876;00695
00886;00730
00895;00765
00907;00780
00911;00809
00913;00846
00909;00874
00904;00890
00901;00864
00906;00833
00920;00787
00926;00742
00928;00699
00931;00655
00928;00616
00917;00575
00913;00531
00912;00475
00901;00447
00884;00433
00858;00448
00840;00455
00829;00456
00821;00475
00824;00467
00837;00459
00845;00450
00848;00467
00857;00500
00871;00536
00892;00545
00916;00532
00933;00519
00941;00500
00938;00495
00935;00498
00931;00524
00928;00528
00926;00488
00921;00445
00912;00406
00907;00386
00896;00363
00882;00352
00878;00368
00881;00376
00891;00361
00897;00354
00905;00356
00905;00347
00899;00351
00882;00358
00872;00374
00868;00392
00867;00385
00861;00377
00851;00374
00843;00383
00835;00427
00833;00470
00832;00500
00831;00535
00833;00571
00841;00578
00854;00568
00854;00564
00843;00570
00834;00563
00827;00517
00819;00477
00815;00440
00813;00406
00807;00373
00795;00366
00778;00383
00774;00390
00776;00394
00778;00400
00781;00431
00788;00458
00791;00494
00790;00547
00794;00593
00796;00628
00797;00645
00801;00670
00813;00679
00821;00700
00827;00717
00827;00730
00830;00733
00844;00701
00849;00672
00854;00647
00858;00635
00858;00619
00851;00612
00849;00602
00851;00569
00855;00550
00858;00537
00857;00545
00859;00562
00861;00580
00860;00608
00860;00633
00865;00653
00865;00634
00855;00638
00850;00641
00849;00641
00843;00637
00837;00633
00832;00620
00828;00598
00826;00586
00826;00575
00829;00605
00835;00653
00841;00697
00849;00718
00861;00709
00871;00698
00880;00715
00891;00742
00898;00770
00901;00799
00900;00814
00908;00785
00912;00739
00906;00716
00902;00727
00902;00747
00904;00760
00909;00757
00916;00738
00918;00727
00921;00725
00918;00746
00911;00785
00911;00853
00908;00904
00908;00940
00907;00959
00902;00972
00904;00995
00912;01007
00919;01028
00931;01067
00945;01100
00957;01101
00964;01118
00973;01136
00991;01136
01003;01160
01003;01189
01001;01229
01007;01228
01006;01182
01006;01145
01017;01095
01027;01040
01023;00989
01012;00966
01002;00941
00997;00904
00990;00861
00981;00845
00974;00861
00970;00883
00952;00924
00936;00980
00934;01042
00933;01098
00939;01120
00949;01147
00964;01161
00973;01169
00984;01202
00994;01215
01000;01219
01008;01194
01014;01148
01025;01089
01024;01059
01013;01034
01000;01022
00987;01004
00974;00940
00962;00886
00955;00834
00945;00803
00937;00807
00926;00840
00920;00862
00924;00884
00928;00904
00937;00914
00942;00928
00938;00959
00939;00993
00939;01020
00941;01026
00938;01022
00939;01025
00939;01002
00940;00984
00945;00981
00955;01009
00965;01016
00974;01032
00993;01034
01011;01011
01021;00984
01027;00966
01034;00971
01042;00976
01046;00962
01047;00905
01049;00836
01049;00758
01041;00694
01019;00657
01002;00646
00993;00604
00982;00571
00970;00547
00957;00541
00948;00572
00941;00626
00944;00672
00945;00692
00943;00709
00945;00697
00942;00693
00943;00666
00942;00630
00937;00602
00929;00583
00917;00564
00901;00564
00888;00589
00887;00614
00888;00654
00893;00706
00897;00767
00903;00810
00911;00834
00917;00822
00921;00798
00925;00776
00930;00758
00936;00770
00946;00785
00947;00764
00945;00744
00947;00743
00944;00748
00937;00777
00936;00817
00933;00864
00930;00889
00925;00888
00915;00871
00913;00878
00912;00877
00907;00864
00910;00859
00918;00863
00936;00848
00946;00818
00951;00793
00954;00764
00954;00741
00952;00748
00949;00774
00946;00807
00946;00823
00945;00796
00930;00772
00923;00745
00920;00737
00918;00747
00919;00799
00924;00819
00929;00844
00933;00869
00936;00895
00939;00931
00942;00978
00942;01028
00946;01050
00945;01045
00941;00995
00934;00951
00926;00896
00919;00843
00920;00791
00914;00754
00909;00715
00904;00674
00897;00652
00894;00641
00896;00627
00895;00621
00901;00613
00896;00607
00881;00619
00870;00623
00863;00629
00858;00623
00851;00616
00846;00633
00839;00662
00833;00685
00825;00708
00832;00716
00841;00713
00844;00703
00844;00694
00843;00694
00842;00698
00842;00672
00838;00646
00838;00631
00841;00603
00841;00574
00833;00553
00831;00561
00827;00568
00822;00579
00822;00581
00821;00589
00824;00594
00825;00613
00827;00646
00824;00685
00821;00728
00822;00747
00828;00778
00837;00783
00842;00800
00848;00847
00854;00913
00856;00948
00851;00995
00854;01056
00865;01116
00874;01178
00881;01234
00887;01319
00895;01398
00903;01436
00911;01445
00924;01454
00938;01431
00956;01392
00963;01358
00970;01368
00982;01384
00994;01394
01003;01404
01016;01430
01026;01467
01033;01524
01039;01592
01038;01672
01049;01731
01061;01718
01072;01712
01084;01679
01098;01636
01109;01613
01131;01576
01143;01504
01137;01452
01129;01413
01120;01402
01110;01440
01100;01464
01086;01508
01069;01559
01052;01583
01028;01632
01022;01678
01031;01695
01045;01707
01065;01701
01089;01694
01106;01689
01124;01670
01131;01647
01132;01623
01131;01587
01130;01578
01129;01571
01121;01558
01113;01531
01105;01459
01092;01373
01079;01308
01080;01254
01086;01235
01094;01218
01096;01209
01097;01215
01103;01206
01100;01211
01083;01241
01072;01285
01064;01325
01053;01373
01044;01395
01037;01395
01023;01364
01011;01332
01001;01305
01002;01261
01004;01254
01012;01263
01020;01266
01026;01262
01030;01257
01037;01265
01054;01297
01069;01315
01077;01339
01082;01351
01089;01306
01082;01223
01079;01141
01076;01054
01072;00977
01059;00903
01041;00846
01023;00803
01012;00758
01000;00748
00993;00758
00995;00793
00991;00855
00991;00916
00988;00956
00986;00991
00990;01003
01001;01004
01020;00984
01051;00935
01051;00925
01049;00918
01048;00894
01046;00878
01053;00863
01065;00859
01075;00857
01074;00866
01055;00900
01026;00946
01023;00947
01025;00920
01035;00895
01042;00859
01041;00844
01037;00824
01041;00804
01056;00788
01060;00773
01058;00781
01059;00805
01059;00857
01055;00904
01054;00975
01056;01015
01058;01055
01048;01081
01038;01095
01043;01099
01048;01076
01048;01077
01049;01076
01049;01075
01047;01047
01044;01027
01048;01001
01046;00989
01032;00991
01017;00988
01001;01009
00993;00997
00986;00952
00979;00901
00967;00859
00959;00846
00943;00836
00929;00850
00929;00876
00933;00915
00941;00947
00958;00972
00976;00984
00982;01021
00990;01056
00995;01041
00992;01031
00990;00997
00988;00939
00988;00873
00986;00798
00974;00769
00965;00775
00963;00748
00954;00719
00945;00711
00943;00703
00938;00714
00935;00736
00929;00754
00916;00779
00904;00761
00882;00716
00862;00692
00854;00675
00851;00666
00847;00662
00846;00661
00845;00666
00839;00669
00842;00683
00845;00696
00846;00724
00846;00750
00844;00755
00839;00731
00836;00684
00826;00611
00810;00526
00792;00447
00770;00354
00741;00276
00711;00203
00679;00125
00647;00064
00614;00027
00579;00005
00549;00000
00524;00000
00501;00000
00481;00000
00468;00000
00455;00000
00444;00000
00434;00000
00426;00000
00418;00000
00411;00000
00404;00000
00397;00000
00390;00000
00381;00000
00375;00000
00371;00000
00367;00000
00363;00000
00360;00000
00357;00000
00353;00000
00350;00000
00346;00000
00343;00000
00340;00000
00336;00000
00335;00000
00333;00000
00332;00000
00331;00000
00330;00000
00329;00000
00328;00000
00326;00000
00325;00000
00325;00000
00324;00000
00323;00000
00322;00000
00321;00000
00321;00000
00320;00000
00319;00000
00319;00000
00318;00000
00318;00000
00318;00000
00317;00000
00316;00000
00315;00000
00313;00000
00312;00000
00312;00000
00311;00000
00310;00000
00309;00000
00308;00000
00307;00000
00306;00000
00305;00000
00304;00000
00304;00000
00303;00000
00303;00000
00302;00000
00301;00000
00300;00000
00300;00000
00299;00000
00299;00000
00298;00000
00298;00000
00298;00000
00298;00000
00298;00000
00298;00000
00297;00000
00297;00000
00298;00000
00298;00000
00298;00000
00299;00000
00299;00000
00299;00000
00298;00000
00298;00000
00297;00000
00297;00000
00296;00000
00296;00000
00295;00000
00294;00000
00293;00000
00293;00000
00293;00000
00293;00000
00293;00000
00293;00000
00293;00000
00293;00000
00293;00000
00293;00000
00294;00000
00294;00000
00294;00000
00294;00000
00294;00000
00294;00000
00294;00000
00294;00000
00294;00000
00294;00000
00294;00000
00294;00000
00295;00000
00296;00000
00299;00000
00302;00000
00307;00000
00312;00000
00318;00000
00327;00000
00335;00000
00345;00000
00354;00000
00364;00000
00376;00000
00387;00000
00400;00000
00414;00005
00428;00016
00442;00029
00456;00045
00470;00061
00486;00077
00500;00094
00513;00111
00524;00130
00531;00137
00536;00145
00542;00143
00548;00137
00553;00123
00557;00120
00562;00129
00565;00144
00567;00143
00565;00134
00564;00140
00563;00139
00560;00140
00555;00145
00550;00154
00544;00155
00537;00135
00532;00106
00527;00093
00525;00088
00526;00090
00528;00089
00527;00105
00529;00115
00531;00134
00533;00154
00536;00185
00537;00221
00542;00254
00546;00278
00546;00288
00548;00303
00551;00291
00551;00285
00554;00267
00554;00265
00556;00264
00557;00258
00557;00255
00559;00257
00563;00263
00565;00261
00568;00276
00571;00288
00572;00304
00573;00304
00573;00291
00574;00277
00576;00263
00578;00258
00579;00257
00581;00272
00584;00290
00588;00325
00595;00336
00600;00343
00604;00341
00605;00353
00608;00360
00608;00354
00608;00342
00607;00323
00608;00289
00609;00237
00604;00209
00606;00196
00610;00203
00617;00200
00620;00193
00625;00194
00632;00198
00637;00200
00639;00216
00641;00233
00647;00260
00652;00266
00655;00262
00658;00251
00662;00250
00669;00254
00673;00269
00681;00287
00694;00316
00711;00347
00726;00357
00742;00359
00756;00362
00762;00372
00767;00382
00767;00398
00768;00392
00764;00379
00761;00344
00750;00298
00738;00265
00728;00256
00719;00280
00714;00311
00717;00327
00724;00333
00734;00349
00742;00366
00746;00397
00754;00437
00765;00486
00781;00517
00796;00501
00813;00474
00820;00470
00827;00481
00833;00516
00843;00553
00856;00600
00870;00654
00882;00712
00890;00761
00896;00834
00909;00917
00922;00995
00925;01070
00926;01099
00923;01133
00917;01132
00910;01114
00908;01069
00913;01045
00914;01035
00902;01008
00895;00958
00895;00906
00900;00877
00913;00841
00927;00818
00936;00813
00943;00813
00936;00803
00941;00767
00954;00730
00972;00710
00994;00686
00997;00676
00991;00656
00981;00637
00973;00614
00965;00601
00959;00600
00952;00622
00942;00658
00927;00695
00914;00741
00921;00768
00931;00798
00945;00805
00959;00804
00974;00802
00994;00801
01010;00810
01026;00805
01038;00803
01046;00782
01046;00744
01042;00700
01049;00669
01059;00642
01049;00617
01030;00584
01015;00521
01003;00468
00995;00423
00986;00386
00977;00386
00977;00399
00972;00432
00965;00459
00977;00458
00987;00447
00994;00452
00997;00472
00997;00499
00996;00505
00988;00488
00977;00476
00965;00447
00956;00421
00951;00405
00953;00406
00946;00413
00934;00413
00926;00409
00924;00423
00929;00447
00939;00470
00947;00494
00949;00529
00947;00574
00946;00603
00959;00595
00968;00571
00974;00540
00981;00511
00989;00491
00996;00471
01002;00485
01016;00481
01038;00478
01060;00468
01063;00475
01063;00497
01066;00526
01061;00545
01052;00562
01041;00568
01033;00542
01020;00527
01000;00510
00976;00520
00969;00570
00975;00601
00978;00609
00992;00609
01007;00596
01006;00591
01007;00593
01006;00614
01004;00644
01010;00656
01014;00622
01013;00598
01017;00585
01013;00594
01012;00618
01019;00643
01023;00684
01028;00721
01036;00766
01042;00826
01051;00908
01062;01000
01073;01094
01085;01179
01095;01228
01113;01286
01131;01299
01149;01283
01165;01242
01174;01217
01174;01228
01176;01219
01178;01210
01182;01209
01188;01211
01187;01208
01186;01224
01181;01265
01177;01313
01183;01326
01201;01250
01207;01181
01204;01124
01202;01054
01199;01019
01200;00992
01192;00982
01186;00957
01179;00945
01171;00922
01151;00954
01134;00995
01125;01042
01116;01094
01106;01103
01093;01106
01090;01084
01088;01048
01082;01008
01083;01007
01092;01028
01100;01040
01106;01045
01108;01034
01109;01047
01116;01056
01119;01080
01123;01127
01128;01169
01124;01185
01116;01151
01120;01109
01123;01054
01130;01008
01132;00989
01131;00975
01126;00974
01124;00979
01134;00984
01163;00959
01183;00960
01192;00973
01216;00994
01215;01028
01217;01037
01223;01059
01234;01043
01247;01005
01246;00956
01228;00959
01223;00988
01219;01015
01204;01047
01213;01065
01227;01073
01240;01050
01246;01053
01249;01067
01260;01087
01298;01053
01303;00970
01294;00885
01288;00787
01281;00705
01269;00654
01258;00630
01255;00622
01256;00618
01255;00632
01221;00677
01215;00745
01238;00820
01288;00863
01310;00887
01319;00902
01325;00914
01326;00903
01322;00895
01317;00862
01310;00844
01305;00858
01294;00860
01259;00895
01260;00935
01282;00951
01305;00948
01320;00966
01339;00977
01359;01000
01380;01014
01390;00972
01395;00941
01398;00911
01401;00895
01410;00885
01413;00878
01408;00860
01396;00842
01383;00852
01371;00878
01368;00902
01357;00947
01345;01017
01323;01093
01295;01186
01277;01261
01275;01321
01279;01348
01285;01344
01293;01314
01308;01330
01328;01324
01354;01289
01377;01245
01397;01183
01406;01149
01414;01125
01422;01133
01430;01137
01448;01120
01449;01064
01441;00998
01425;00950
01414;00915
01404;00895
01403;00878
01403;00857
01388;00822
01369;00806
01335;00811
01313;00832
01296;00863
01280;00879
01263;00882
01249;00881
01234;00854
01218;00827
01210;00800
01203;00767
01197;00751
01189;00761
01187;00783
01187;00812
01187;00832
01186;00842
01185;00872
01185;00893
01185;00936
01191;00977
01200;00998
01204;00969
01201;00922
01200;00877
01202;00836
01198;00822
01195;00811
01194;00813
01191;00815
01189;00840
01187;00868
01194;00906
01210;00935
01216;00955
01207;00962
01200;00957
01191;00936
01184;00894
01184;00835
01196;00758
01199;00706
01203;00680
01191;00680
01190;00694
01202;00717
01214;00721
01222;00739
01226;00773
01220;00821
01199;00864
01188;00890
01174;00891
01172;00876
01165;00852
01160;00858
01157;00866
01151;00882
01153;00899
01161;00903
01167;00909
01163;00914
01160;00939
01158;00971
01162;00987
01160;00975
01160;00960
01166;00926
01168;00874
01166;00824
01163;00771
01165;00729
01170;00704
01172;00686
01168;00690
01166;00692
01162;00689
01160;00706
01172;00743
01194;00804
01211;00856
01224;00880
01227;00878
01230;00877
01246;00848
01255;00816
01265;00825
01277;00840
01280;00848
01273;00830
01270;00811
01272;00802
01281;00781
01282;00760
01271;00778
01265;00811
01261;00819
01249;00797
01232;00789
01222;00770
01216;00769
01209;00787
01208;00847
01221;00903
01243;00910
01267;00880
01282;00845
01288;00824
01290;00812
01293;00828
01292;00830
01291;00824
01289;00777
01280;00720
01265;00688
01252;00690
01249;00706
01267;00713
01277;00716
01276;00732
01280;00769
01297;00784
01320;00792
01340;00818
01365;00844
01378;00848
01373;00859
01365;00891
01372;00915
01394;00886
01405;00828
01392;00808
01373;00821
01351;00814
01326;00817
01307;00829
01300;00831
01293;00822
01283;00819
01262;00862
01257;00902
01262;00906
01262;00874
01264;00837
01267;00783
01269;00748
01267;00721
01263;00696
01255;00667
01257;00641
01252;00629
01241;00637
01238;00670
01244;00709
01245;00750
01245;00785
01244;00814
01248;00847
01255;00860
01252;00837
01252;00823
01254;00798
01248;00784
01236;00765
01234;00762
01229;00763
01232;00741
01226;00721
01221;00715
01220;00725
01222;00736
01222;00750
01232;00740
01253;00734
01258;00723
01265;00708
01271;00721
01282;00751
01300;00779
01318;00803
01323;00814
01333;00821
01334;00843
01322;00876
01316;00911
01314;00950
01313;00981
01310;00988
01293;00972
01279;00951
01277;00938
01275;00938
01276;00941
01279;00932
01283;00910
01291;00883
01314;00844
01334;00808
01347;00807
01349;00822
01347;00845
01344;00867
01338;00863
01333;00858
01338;00863
01336;00875
01324;00885
01317;00892
01307;00894
01301;00907
01295;00914
01291;00928
01292;00968
01299;01028
01300;01109
01300;01175
01293;01251
01288;01306
01301;01336
01321;01317
01334;01288
01340;01241
01338;01211
01330;01183
01325;01125
01325;01067
01323;00994
01320;00913
01307;00846
01284;00821
01266;00799
01255;00781
01247;00736
01242;00669
01233;00623
01226;00580
01220;00568
01220;00585
01227;00601
01241;00605
01252;00622
01258;00649
01262;00684
01265;00744
01267;00798
01270;00848
01273;00869
01270;00879
01272;00882
01274;00859
01272;00824
01267;00792
01267;00778
01270;00763
01272;00733
01270;00702
01272;00687
01279;00684
01298;00678
01300;00707
01301;00738
01311;00762
01318;00762
01323;00733
01327;00716
01332;00692
01331;00677
01330;00662
01307;00660
01291;00665
01288;00687
01282;00700
01277;00712
01270;00763
01265;00830
01261;00918
01263;00983
01262;01040
01272;01066
01280;01056
01289;01031
01312;01014
01342;01030
01363;01042
01376;01026
01386;00993
01388;00971
01391;00973
01394;01002
01398;01045
01396;01095
01387;01122
01379;01097
01368;01042
01363;00998
01353;00967
01342;00954
01335;00940
01321;00933
01314;00966
01311;00990
01302;01029
01287;01059
01279;01096
01273;01153
01276;01191
01278;01216
01280;01223
01284;01206
01286;01164
01289;01132
01292;01097
01297;01116
01305;01147
01312;01156
01318;01173
01336;01168
01346;01154
01375;01155
01391;01161
01399;01181
01406;01195
01408;01164
01410;01120
01417;01089
01421;01042
01413;01031
01411;01052
01395;01076
01391;01095
01385;01100
01376;01131
01376;01158
01371;01192
01361;01221
01358;01267
01360;01277
01356;01256
01346;01235
01335;01205
01335;01172
01341;01117
01347;01114
01350;01121
01358;01103
01349;01087
01334;01082
01323;01087
01314;01107
01304;01122
01291;01113
01270;01134
01254;01113
01244;01048
01229;01013
01228;00986
01234;00989
01248;00996
01263;00995
01276;01011
01288;01023
01301;01029
01312;01027
01314;01064
01312;01103
01309;01162
01305;01189
01296;01218
01290;01229
01285;01224
01291;01231
01297;01223
01300;01264
01319;01280
01361;01246
01380;01189
01388;01148
01395;01112
01396;01082
01391;01062
01374;01057
01359;01055
01349;01014
01334;00969
01309;00956
01313;00920
01322;00881
01314;00859
01308;00846
01311;00845
01325;00839
01339;00831
01342;00855
01350;00890
01346;00914
01329;00983
01318;01050
01329;01091
01341;01104
01354;01080
01361;01050
01368;01004
01364;00949
01349;00908
01339;00887
01333;00832
01318;00772
01300;00726
01283;00704
01263;00708
01239;00723
01217;00763
01212;00790
01220;00789
01223;00779
01222;00781
01229;00806
01241;00812
01256;00801
01261;00801
01261;00779
01257;00774
01254;00797
01257;00856
01268;00904
01275;00934
01282;00940
01286;00958
01288;00965
01307;00945
01339;00932
01365;00904
01384;00877
01389;00845
01385;00836
01385;00841
01384;00839
01380;00837
01375;00869
01365;00907
01345;00954
01343;00989
01348;00984
01355;00950
01367;00910
01386;00866
01433;00822
01455;00776
01460;00735
01462;00712
01473;00679
01466;00657
01448;00663
01432;00693
01414;00727
01387;00765
01334;00822
01313;00870
01304;00891
01296;00891
01286;00894
01292;00882
01303;00885
01320;00889
01341;00885
01357;00884
01377;00870
01394;00847
01398;00840
01402;00853
01400;00868
01394;00896
01393;00898
01390;00871
01402;00832
01419;00780
01422;00753
01422;00754
01425;00763
01424;00770
01421;00787
01422;00796
01427;00797
01425;00817
01398;00847
01369;00906
01348;00951
01333;00979
01331;00983
01332;00968
01338;00946
01341;00930
01344;00943
01352;00948
01361;00950
01373;00926
01386;00887
01405;00832
01408;00793
01404;00773
01394;00768
01386;00757
01375;00714
01368;00656
01364;00612
01354;00571
01350;00551
01335;00557
01337;00580
01354;00595
01372;00604
01384;00623
01400;00652
01399;00704
01397;00762
01400;00839
01407;00911
01412;00976
01412;01006
01405;01017
01414;01009
01423;00983
01420;00986
01424;00996
01427;01000
01426;00980
01423;00943
01427;00906
01439;00893
01445;00909
01441;00957
01448;01013
01460;01001
01461;00958
01464;00906
01468;00859
01469;00836
01468;00815
01461;00794
01462;00780
01464;00740
01454;00705
01441;00718
01436;00759
01433;00803
01431;00862
01431;00903
01432;00944
01430;00952
01422;00938
01413;00941
01412;00925
01417;00919
01432;00906
01446;00889
01453;00871
01457;00839
01449;00812
01445;00826
01442;00868
01439;00911
01436;00960
01431;00983
01422;00983
01418;00985
01422;00963
01439;00949
01449;00930
01453;00917
01453;00887
01448;00859
01445;00836
01444;00831
01446;00831
01443;00854
01434;00904
01412;00969
01404;01010
01397;01031
01400;01059
01411;01061
01426;01028
01446;01001
01438;01006
01426;00978
01417;00946
01411;00904
01403;00884
01393;00871
01378;00851
01363;00833
01339;00833
01307;00816
01302;00768
01306;00730
01310;00680
01307;00659
01308;00654
01313;00664
01321;00674
01325;00692
01330;00725
01342;00762
01344;00826
01346;00902
01348;01003
01356;01088
01367;01133
01374;01138
01375;01136
01380;01137
01391;01130
01403;01133
01409;01132
01420;01107
01424;01064
01420;01012
01413;00994
01409;00986
01405;00999
01401;01021
01397;01059
01395;01078
01409;01050
01426;01014
01434;00966
01433;00949
01430;00942
01429;00943
01428;00914
01422;00889
01414;00863
01396;00862
01366;00905
01331;00995
01315;01094
01316;01157
01318;01186
01320;01200
01328;01183
01330;01152
01327;01113
01325;01086
01326;01074
01328;01041
01326;00999
01321;00976
01324;00969
01331;00969
01332;01011
01343;01038
01349;01080
01355;01093
01364;01066
01378;01016
01399;00973
01428;00936
01437;00903
01433;00878
01429;00879
01428;00893
01433;00907
01444;00941
01445;00980
01437;01049
01416;01103
01390;01138
01384;01181
01392;01199
01399;01182
01404;01169
01415;01144
01419;01120
01433;01121
01441;01113
01453;01112
01462;01103
01468;01075
01466;01083
01469;01112
01471;01128
01479;01141
01492;01115
01482;01057
01474;01001
01469;00958
01470;00927
01466;00929
01461;00929
01454;00921
01449;00931
01433;00953
01410;01025
01413;01142
01427;01248
01447;01315
01461;01352
01468;01342
01469;01334
01470;01308
01466;01267
01467;01225
01469;01194
01469;01155
01462;01126
01451;01140
01462;01124
01472;01107
01471;01100
01470;01119
01467;01148
01464;01175
01465;01174
01467;01132
01467;01071
01458;01006
01435;01017
01423;01070
01429;01112
01437;01127
01442;01126
01438;01140
01436;01143
01430;01184
01426;01256
01431;01333
01437;01397
01443;01412
01438;01403
01432;01396
01431;01388
01436;01362
01434;01371
01441;01397
01453;01394
01465;01370
01468;01341
01467;01329
01473;01339
01480;01382
01490;01451
01501;01509
01516;01521
01535;01470
01545;01411
01541;01358
01530;01328
01528;01342
01530;01338
01530;01299
01527;01273
01522;01270
01514;01270
01491;01316
01475;01398
01471;01486
01473;01550
01475;01575
01478;01610
01481;01616
01485;01595
01501;01541
01508;01520
01510;01494
01506;01449
01502;01420
01505;01380
01503;01345
01499;01315
01508;01321
01520;01310
01516;01323
01513;01299
01511;01240
01512;01183
01512;01114
01509;01065
01505;01032
01502;01007
01493;01010
01487;01026
01480;01048
01481;01111
01492;01201
01505;01313
01523;01396
01527;01441
01524;01456
01517;01465
01504;01445
01488;01430
01474;01391
01460;01350
01449;01332
01441;01286
01431;01286
01440;01316
01462;01370
01488;01415
01510;01455
01528;01471
01547;01480
01559;01463
01573;01404
01582;01362
01586;01303
01588;01261
01583;01239
01581;01229
01585;01230
01586;01239
01583;01273
01589;01330
01600;01375
01602;01427
01599;01489
01596;01540
01596;01534
01587;01515
01575;01488
01571;01463
01569;01414
01565;01376
01549;01391
01542;01397
01544;01384
01546;01369
01550;01364
01560;01330
01556;01313
01545;01327
01544;01363
01543;01351
01542;01297
01545;01229
01546;01180
01547;01130
01549;01116
01552;01124
01553;01144
01554;01146
01550;01154
01545;01179
01543;01222
01546;01279
01544;01336
01539;01395
01528;01420
01525;01447
01538;01433
01550;01401
01564;01358
01578;01337
01584;01324
01588;01296
01606;01247
01629;01191
01636;01146
01630;01122
01625;01134
01628;01162
01629;01191
01631;01193
01639;01168
01650;01151
01661;01133
01667;01119
01680;01109
01691;01083
01694;01049
01693;01026
01689;01009
01683;01012
01671;01030
01653;01062
01623;01117
01596;01157
01578;01161
01563;01176
01562;01165
01571;01140
01587;01092
01601;01035
01599;00999
01601;00958
01604;00923
01608;00901
01614;00902
01621;00896
01620;00931
01612;00968
01605;01007
01600;01038
01623;01018
01647;00976
01651;00919
01651;00881
01648;00869
01649;00863
01655;00850
01659;00853
01654;00887
01654;00942
01647;01026
01641;01115
01649;01201
01655;01253
01659;01277
01655;01308
01643;01293
01634;01259
01623;01208
01607;01165
01591;01148
01578;01124
01581;01092
01597;01049
01600;01010
01597;00980
01598;00996
01597;01015
01602;01017
01618;00990
01622;00922
01618;00862
01606;00817
01579;00801
01564;00814
01564;00808
01565;00809
01573;00815
01580;00855
01577;00897
01579;00954
01584;01023
01597;01084
01637;01121
01663;01115
01666;01111
01662;01080
01654;01047
01642;00999
01632;00974
01626;00964
01625;00955
01626;00928
01591;00907
01566;00907
01560;00918
01564;00949
01567;00981
01570;01015
01577;01039
01594;01008
01617;00947
01611;00915
01610;00913
01619;00922
01630;00928
01634;00941
01646;00931
01656;00914
01656;00892
01640;00941
01614;01013
01607;01067
01609;01090
01603;01090
01597;01086
01595;01054
01589;01029
01583;01005
01579;01000
01582;00977
01581;00947
01589;00936
01594;00918
01597;00910
01606;00906
01625;00916
01634;00944
01647;00975
01676;00961
01695;00922
01713;00877
01720;00820
01724;00782
01727;00764
01719;00741
01700;00730
01690;00719
01683;00732
01669;00769
01662;00821
01665;00882
01681;00931
01694;00981
01714;01004
01735;01023
01748;01010
01754;00973
01755;00905
01752;00841
01751;00783
01743;00727
01731;00696
01719;00672
01703;00660
01690;00654
01687;00672
01690;00703
01695;00748
01700;00791
01708;00815
01721;00817
01726;00807
01739;00782
01752;00755
01763;00738
01770;00731
01776;00724
01779;00716
01780;00703
01777;00717
01778;00759
01783;00797
01782;00825
01789;00847
01792;00851
01800;00810
01805;00763
01807;00719
01817;00681
01838;00631
01848;00576
01838;00549
01828;00538
01814;00524
01811;00506
01802;00530
01794;00551
01794;00548
01787;00538
01768;00524
01755;00500
01754;00459
01757;00423
01772;00395
01782;00369
01777;00343
01777;00324
01775;00315
01766;00306
01753;00327
01738;00371
01732;00424
01730;00453
01718;00487
01708;00527
01715;00549
01722;00559
01730;00563
01742;00575
01763;00566
01774;00542
01771;00514
01766;00498
01764;00462
01756;00431
01749;00420
01735;00423
01724;00437
01718;00423
01709;00391
01700;00348
01696;00299
01692;00265
01684;00248
01678;00230
01677;00203
01676;00177
01666;00160
01648;00159
01622;00179
01605;00216
01598;00262
01590;00294
01583;00312
01578;00311
01565;00305
01550;00292
01545;00278
01544;00280
01545;00290
01546;00301
01545;00304
01543;00308
01540;00320
01545;00331
01547;00334
01549;00344
01551;00345
01553;00335
01549;00308
01544;00270
01535;00229
01528;00194
01526;00163
01528;00144
01523;00141
01514;00138
01498;00141
01483;00151
01474;00177
01470;00196
01464;00225
01456;00249
01445;00264
01425;00280
01416;00284
01415;00282
01421;00279
01424;00274
01425;00267
01427;00277
01431;00275
01437;00264
01442;00255
01446;00257
01453;00280
01461;00300
01472;00314
01482;00322
01489;00324
01492;00308
01501;00293
01508;00286
01511;00286
01513;00284
01514;00261
01526;00245
01539;00240
01548;00236
01562;00240
01561;00258
01555;00289
01552;00312
01550;00333
01548;00364
01546;00391
01527;00405
01507;00417
01494;00435
01482;00463
01486;00484
01487;00483
01488;00484
01503;00477
01516;00452
01522;00442
01522;00439
01520;00436
01515;00425
01508;00388
01504;00345
01509;00313
01511;00276
01493;00248
01471;00227
01452;00211
01440;00208
01434;00206
01430;00202
01426;00217
01422;00239
01414;00269
01406;00302
01408;00337
01413;00375
01422;00405
01434;00409
01449;00390
01456;00363
01457;00342
01455;00316
01449;00295
01446;00293
01447;00284
01455;00256
01460;00236
01454;00236
01439;00259
01433;00291
01433;00301
01436;00304
01441;00291
01442;00269
01437;00266
01426;00292
01419;00304
01431;00313
01435;00311
01435;00307
01434;00316
01432;00343
01431;00387
01432;00418
01432;00443
01434;00447
01429;00455
01421;00446
01423;00441
01428;00439
01430;00442
01434;00440
01438;00429
01440;00426
01443;00424
01447;00435
01455;00445
01462;00463
01472;00495
01482;00530
01495;00550
01504;00547
01504;00537
01505;00533
01512;00533
01520;00534
01520;00536
01518;00550
01511;00549
01507;00539
01503;00558
01504;00605
01511;00666
01522;00717
01526;00744
01526;00752
01538;00763
01548;00747
01562;00741
01571;00737
01573;00724
01573;00701
01572;00682
01571;00671
01577;00669
01577;00665
01570;00652
01564;00662
01553;00675
01547;00689
01552;00670
01554;00631
01556;00577
01552;00528
01544;00492
01541;00471
01539;00454
01537;00453
01539;00443
01542;00428
01533;00455
01532;00518
01535;00589
01541;00661
01551;00718
01562;00753
01572;00756
01576;00737
01574;00715
01572;00694
01573;00671
01573;00635
01573;00599
01575;00554
01577;00508
01572;00483
01562;00490
01561;00496
01562;00509
01557;00516
01553;00493
01548;00457
01538;00419
01524;00391
01511;00377
01505;00359
01505;00354
01512;00363
01522;00356
01541;00359
01548;00381
01551;00409
01553;00427
01552;00440
01551;00448
01552;00446
01558;00440
01554;00417
01544;00405
01531;00401
01539;00405
01553;00423
01574;00440
01598;00443
01605;00446
01607;00452
01603;00454
01601;00478
01603;00507
01605;00531
01602;00530
01598;00503
01587;00489
01574;00487
01577;00497
01582;00515
01590;00536
01599;00567
01609;00582
01621;00591
01624;00597
01614;00629
01609;00651
01604;00669
01597;00654
01590;00629
01585;00601
01577;00546
01567;00500
01558;00471
01563;00478
01580;00481
01599;00458
01607;00439
01614;00447
01624;00470
01632;00491
01644;00511
01655;00532
01654;00546
01643;00525
01629;00482
01617;00471
01617;00458
01617;00444
01611;00430
01603;00420
01592;00419
01583;00416
01580;00407
01581;00415
01585;00419
01585;00431
01584;00454
01585;00458
01579;00450
01572;00437
01564;00416
01557;00401
01552;00385
01546;00381
01538;00397
01533;00398
01527;00385
01518;00382
01520;00385
01526;00382
01532;00392
01535;00404
01545;00408
01550;00387
01547;00362
01544;00345
01540;00331
01536;00344
01535;00353
01531;00371
01530;00399
01530;00423
01526;00459
01529;00504
01535;00557
01540;00621
01540;00682
01539;00704
01535;00722
01530;00725
01527;00706
01527;00682
01526;00649
01520;00630
01517;00617
01523;00575
01535;00529
01550;00495
01562;00489
01574;00497
01585;00496
01591;00498
01591;00504
01589;00485
01588;00439
01582;00409
01577;00384
01573;00368
01578;00336
01569;00305
01553;00295
01537;00285
01526;00286
01522;00317
01519;00367
01519;00412
01517;00451
01511;00480
01503;00505
01507;00516
01515;00515
01522;00518
01525;00506
01526;00478
01521;00453
01512;00428
01499;00408
01487;00394
01477;00397
01471;00410
01466;00422
01462;00433
01461;00447
01468;00436
01479;00403
01481;00383
01483;00373
01485;00372
01482;00359
01477;00352
01472;00356
01467;00351
01461;00358
01454;00400
01445;00457
01446;00509
01451;00552
01457;00568
01465;00566
01471;00553
01471;00535
01472;00513
01472;00485
01469;00451
01467;00418
01465;00387
01461;00357
01457;00347
01455;00363
01453;00373
01454;00380
01456;00405
01460;00428
01471;00431
01481;00416
01491;00412
01508;00407
01520;00407
01522;00391
01523;00394
01525;00410
01528;00421
01530;00435
01526;00453
01519;00481
01510;00510
01501;00541
01490;00560
01485;00575
01480;00580
01477;00565
01473;00542
01469;00517
01465;00516
01465;00520
01462;00511
01456;00509
01460;00497
01465;00487
01468;00486
01473;00494
01478;00511
01480;00528
01478;00517
01476;00489
01474;00465
01470;00433
01465;00430
01463;00443
01466;00453
01466;00468
01464;00467
01462;00476
01464;00514
01467;00569
01474;00623
01484;00674
01491;00701
01499;00724
01506;00711
01511;00684
01514;00668
01521;00644
01527;00604
01527;00580
01528;00561
01530;00540
01524;00518
01516;00499
01509;00505
01504;00516
01500;00531
01494;00542
01490;00542
01491;00517
01492;00495
01493;00477
01502;00491
01509;00489
01512;00492
01515;00500
01522;00506
01532;00523
01532;00565
01532;00617
01531;00669
01529;00718
01527;00742
01528;00761
01530;00759
01532;00749
01531;00730
01531;00701
01543;00672
01554;00647
01570;00602
01584;00562
01581;00527
01576;00500
01573;00494
01572;00501
01572;00520
01568;00539
01561;00531
01556;00505
01544;00488
01533;00470
01536;00460
01535;00458
01535;00471
01534;00488
01535;00495
01537;00512
01540;00550
01550;00598
01561;00652
01568;00708
01570;00745
01574;00758
01576;00745
01578;00733
01582;00718
01586;00692
01590;00679
01584;00663
01577;00636
01572;00602
01579;00573
01587;00573
01600;00579
01621;00569
01626;00573
01620;00587
01617;00575
01620;00543
01619;00515
01619;00494
01622;00482
01624;00462
01620;00457
01611;00462
01618;00455
01618;00447
01610;00452
01601;00474
01591;00489
01580;00498
01565;00489
01547;00477
01530;00457
01510;00423
01482;00387
01468;00343
01457;00298
01443;00266
01431;00242
01420;00225
01408;00213
01397;00204
01386;00194
01378;00204
01372;00221
01367;00236
01363;00238
01362;00225
01363;00206
01362;00182
01358;00165
01353;00155
01346;00150
01338;00142
01329;00132
01319;00123
01308;00119
01297;00127
01285;00149
01274;00186
01270;00215
01265;00239
01265;00260
01264;00270
01267;00269
01271;00273
01281;00287
01293;00305
01297;00315
01299;00319
01298;00330
01299;00346
01297;00361
01295;00396
01292;00433
01290;00458
01281;00472
01272;00466
01274;00456
01275;00453
01277;00463
01279;00472
01278;00494
01276;00510
01272;00536
01269;00561
01268;00596
01264;00629
01254;00674
01245;00713
01235;00732
01226;00738
01223;00709
01217;00663
01212;00600
01204;00536
01189;00455
01172;00396
01160;00324
01146;00247
01129;00170
01111;00105
01090;00060
01071;00030
01051;00013
01030;00006
01014;00003
01002;00000
00989;00000
00980;00000
00975;00000
00972;00000
00969;00000
00967;00002
00966;00015
00966;00026
00969;00033
00972;00034
00976;00036
00978;00044
00982;00054
00986;00057
00988;00058
00990;00056
00994;00042
00998;00031
01000;00025
01002;00023
01004;00021
01005;00013
01006;00004
01009;00002
01011;00002
01015;00002
01018;00002
01021;00002
01024;00003
01027;00003
01030;00003
01037;00003
01042;00002
01047;00001
01056;00003
01063;00003
01070;00003
01079;00002
01089;00002
01100;00002
01110;00002
01116;00003
01118;00003
01121;00003
01123;00001
01122;00001
01121;00001
01116;00001
01104;00001
01086;00001
01066;00001
01049;00000
01032;00000
01014;00000
00994;00000
00976;00000
00957;00000
00941;00000
00931;00000
00926;00000
00923;00003
00919;00004
00919;00008
00920;00009
00919;00011
00919;00012
00922;00016
00923;00022
00925;00023
00925;00023
00927;00020
00927;00018
00927;00015
00925;00014
00925;00012
00925;00011
00923;00007
00924;00001
00923;00000
00923;00000
00923;00000
00923;00000
00921;00000
00922;00000
00923;00000
00924;00000
00926;00000
00925;00000
00924;00000
00922;00000
00922;00000
00921;00000
00922;00000
00924;00000
00924;00000
00923;00000
00921;00000
00921;00000
00923;00000
00923;00000
00925;00000
00926;00006
00925;00023
00925;00031
00925;00036
00925;00036
00926;00036
00927;00036
00928;00040
00931;00040
00932;00042
00932;00043
00933;00034
00933;00028
00934;00023
00935;00023
00935;00023
00935;00023
00935;00022
00933;00022
00933;00020
00933;00013
00932;00010
00933;00012
00934;00012
00937;00013
00941;00015
00944;00016
00948;00013
00948;00013
00950;00013
00951;00013
00951;00009
00951;00003
00949;00003
00945;00002
00941;00000
00938;00000
00935;00007
00934;00009
00932;00009
00931;00009
00931;00015
00931;00017
00932;00017
00931;00017
00931;00017
00931;00017
00931;00009
00930;00008
00931;00008
00933;00008
00935;00002
00938;00000
00941;00000
00942;00007
00943;00017
00945;00019
00946;00021
00948;00021
00951;00021
00952;00022
00950;00022
00950;00022
