054
1.29
PD500-0212
001157 001239 001049
1.11 1.40 1.30
CORE END 2
22.06.2015
15:13:48
010
10000
05014
1
05000
03741
0150
5000
0056
0447
01747
01518
4
1
1
1
1
1
+02,8
090,4
-04,2
009,7
0
0
0
0
0
000
00000
0
0
000
000
00000
0
0
0
000
00000


0
0
0
00000
000
00000
0
000
000
000
00000
00000
000
000
00000
000
000
00000
000
000
00000
0
0
0
00000
00000
000
000
00,0
000
000
000
00000
000
000
0
0
0
00000
000
00000
000
000
0
0
0
00000
00000
00000
00000
00000
00000
0
0
000
00000
000
0
000
00000
000
0
00000
000000




00000-00000: 
00000-00000: 
00000-00000: 
00000-00000: 
00000-00000: 
00000-00000: 
4TH TRIPOD





00000;00000
00000;00000
00000;00000
00000;00000
00000;00000
00000;00000
00000;00000
00000;00000
00000;00000
00000;00000
00000;00000
00000;00000
00000;00000
00000;00000
00000;00000
00000;00000
00000;00000
00000;00000
00000;00000
00000;00000
00000;00000
00000;00000
00000;00000
00000;00000
00000;00000
00000;00000
00000;00000
00000;00000
00000;00000
00000;00004
00000;00011
00000;00016
00000;00016
00000;00016
00000;00016
00000;00019
00000;00026
00000;00033
00000;00047
00000;00059
00000;00093
00000;00123
00001;00135
00001;00145
00001;00157
00002;00161
00002;00160
00002;00153
00003;00140
00003;00126
00003;00096
00002;00066
00002;00058
00002;00052
00002;00051
00002;00059
00003;00068
00005;00079
00006;00098
00009;00110
00011;00107
00011;00110
00011;00114
00012;00116
00016;00110
00018;00101
00019;00094
00019;00088
00020;00079
00019;00072
00018;00073
00020;00079
00021;00084
00021;00087
00020;00099
00021;00104
00019;00112
00019;00116
00025;00113
00027;00109
00029;00100
00034;00094
00036;00113
00039;00131
00045;00145
00052;00167
00059;00188
00065;00221
00068;00260
00078;00303
00093;00336
00099;00362
00110;00356
00118;00343
00119;00332
00118;00324
00118;00324
00118;00321
00114;00315
00106;00297
00094;00298
00085;00300
00072;00320
00064;00352
00062;00400
00067;00453
00078;00464
00088;00450
00095;00431
00103;00420
00110;00403
00120;00390
00137;00368
00150;00346
00159;00302
00162;00247
00161;00220
00160;00214
00159;00212
00157;00216
00156;00221
00154;00220
00147;00215
00139;00208
00134;00205
00130;00209
00124;00225
00122;00243
00122;00264
00126;00277
00132;00290
00139;00305
00148;00328
00160;00350
00173;00375
00187;00396
00201;00396
00214;00389
00229;00377
00242;00367
00252;00360
00262;00358
00270;00357
00277;00362
00284;00366
00289;00378
00294;00400
00300;00423
00301;00449
00300;00481
00301;00510
00302;00529
00304;00531
00304;00524
00303;00517
00301;00501
00299;00491
00297;00490
00300;00489
00307;00484
00316;00484
00328;00491
00337;00511
00346;00523
00351;00540
00357;00555
00363;00564
00368;00564
00372;00555
00374;00540
00374;00522
00374;00512
00380;00506
00389;00514
00404;00508
00405;00503
00399;00497
00394;00496
00389;00503
00383;00518
00378;00527
00371;00523
00360;00509
00348;00496
00335;00489
00338;00484
00351;00480
00362;00467
00369;00459
00377;00449
00385;00449
00393;00451
00400;00458
00405;00454
00407;00454
00408;00448
00410;00442
00412;00439
00412;00425
00412;00412
00401;00397
00390;00388
00380;00388
00371;00395
00361;00398
00351;00407
00340;00411
00327;00417
00317;00424
00310;00434
00314;00449
00320;00457
00324;00447
00330;00435
00340;00427
00351;00425
00366;00432
00382;00445
00399;00472
00416;00495
00431;00516
00442;00544
00454;00567
00464;00580
00468;00588
00458;00585
00444;00576
00429;00557
00415;00527
00401;00498
00388;00471
00380;00448
00374;00449
00371;00462
00371;00476
00383;00495
00397;00522
00412;00552
00427;00571
00438;00590
00446;00612
00452;00631
00459;00626
00468;00622
00478;00618
00489;00610
00497;00607
00503;00616
00509;00642
00518;00658
00527;00673
00535;00674
00537;00682
00538;00680
00539;00679
00533;00681
00520;00677
00507;00665
00496;00642
00486;00627
00477;00605
00470;00594
00465;00593
00459;00600
00449;00607
00443;00611
00445;00615
00445;00617
00442;00620
00438;00626
00437;00633
00434;00633
00433;00617
00435;00600
00440;00577
00446;00549
00451;00522
00446;00505
00436;00497
00427;00485
00418;00473
00407;00462
00393;00461
00376;00461
00357;00469
00337;00487
00324;00504
00324;00523
00333;00525
00343;00524
00351;00521
00361;00524
00373;00534
00385;00549
00398;00557
00410;00567
00421;00581
00432;00583
00442;00601
00452;00631
00463;00657
00474;00675
00484;00670
00497;00652
00504;00638
00507;00617
00510;00597
00513;00581
00514;00564
00514;00522
00503;00487
00481;00456
00459;00449
00437;00453
00419;00464
00408;00471
00398;00471
00387;00469
00374;00453
00362;00449
00362;00439
00372;00425
00371;00412
00366;00399
00361;00380
00355;00369
00348;00364
00342;00359
00340;00366
00338;00381
00335;00401
00331;00420
00341;00421
00350;00416
00358;00412
00363;00405
00372;00402
00382;00400
00389;00399
00394;00387
00399;00373
00406;00360
00404;00362
00395;00370
00388;00386
00383;00406
00377;00415
00370;00415
00364;00407
00361;00405
00359;00403
00356;00407
00360;00415
00374;00430
00389;00435
00400;00431
00403;00421
00397;00420
00391;00423
00383;00436
00375;00452
00367;00460
00360;00456
00353;00437
00349;00419
00347;00414
00355;00426
00377;00427
00384;00421
00381;00405
00377;00390
00373;00383
00370;00381
00367;00383
00361;00391
00354;00390
00345;00375
00331;00369
00331;00368
00341;00369
00352;00362
00362;00349
00368;00337
00375;00328
00382;00317
00394;00307
00396;00296
00393;00290
00391;00283
00388;00286
00384;00299
00383;00312
00384;00325
00382;00323
00368;00322
00351;00320
00341;00322
00338;00327
00335;00341
00333;00344
00331;00344
00328;00348
00325;00352
00323;00368
00333;00383
00343;00402
00351;00410
00359;00411
00365;00407
00369;00402
00373;00390
00374;00374
00375;00362
00376;00359
00378;00355
00384;00349
00392;00346
00398;00348
00405;00350
00417;00361
00431;00373
00436;00382
00432;00386
00428;00375
00420;00361
00411;00344
00399;00338
00388;00336
00380;00343
00371;00339
00361;00346
00364;00361
00377;00378
00388;00398
00399;00420
00410;00450
00422;00469
00435;00483
00448;00487
00460;00490
00470;00485
00476;00477
00482;00471
00486;00472
00484;00470
00476;00468
00467;00467
00456;00465
00445;00467
00436;00484
00430;00502
00426;00523
00425;00538
00435;00537
00446;00526
00450;00511
00456;00513
00467;00517
00477;00522
00484;00511
00493;00497
00502;00481
00495;00470
00478;00465
00466;00474
00467;00480
00468;00470
00460;00461
00455;00448
00451;00435
00444;00424
00439;00418
00447;00411
00464;00419
00487;00418
00496;00416
00493;00424
00494;00432
00495;00434
00497;00450
00498;00470
00495;00485
00493;00492
00488;00474
00478;00462
00484;00449
00495;00430
00506;00414
00517;00407
00514;00394
00502;00383
00490;00373
00474;00369
00461;00383
00450;00397
00432;00412
00417;00430
00404;00443
00391;00453
00389;00462
00395;00460
00403;00455
00410;00451
00417;00453
00423;00458
00433;00466
00444;00474
00456;00480
00466;00485
00478;00492
00486;00508
00491;00522
00494;00534
00497;00529
00501;00522
00505;00514
00514;00505
00516;00492
00508;00485
00501;00478
00501;00466
00516;00453
00522;00441
00514;00440
00504;00444
00494;00449
00478;00455
00467;00461
00467;00467
00466;00469
00460;00463
00440;00460
00430;00455
00433;00459
00437;00458
00443;00465
00451;00466
00460;00473
00470;00469
00480;00464
00489;00468
00499;00471
00514;00469
00519;00453
00522;00436
00524;00405
00523;00377
00524;00348
00530;00331
00533;00319
00536;00307
00524;00302
00502;00303
00491;00309
00482;00319
00474;00333
00467;00352
00457;00372
00443;00389
00433;00397
00428;00395
00438;00389
00449;00381
00451;00386
00453;00389
00456;00394
00459;00406
00463;00417
00465;00419
00464;00429
00454;00451
00443;00473
00437;00495
00437;00499
00435;00499
00434;00496
00438;00487
00441;00477
00438;00470
00436;00465
00446;00457
00465;00447
00479;00439
00485;00439
00491;00443
00496;00457
00497;00467
00495;00481
00502;00492
00514;00487
00519;00467
00497;00456
00478;00440
00469;00431
00460;00427
00451;00419
00442;00411
00434;00396
00420;00382
00401;00386
00381;00403
00381;00411
00381;00422
00379;00424
00375;00412
00372;00401
00366;00398
00361;00396
00362;00401
00368;00410
00373;00418
00378;00429
00381;00441
00386;00449
00392;00471
00402;00497
00417;00517
00431;00538
00449;00556
00465;00548
00482;00533
00496;00516
00498;00505
00501;00519
00505;00535
00506;00546
00503;00559
00502;00571
00497;00575
00485;00581
00461;00595
00441;00608
00434;00615
00428;00601
00421;00572
00417;00543
00412;00511
00405;00487
00398;00480
00397;00493
00410;00513
00429;00537
00450;00565
00470;00586
00485;00608
00496;00623
00507;00630
00518;00626
00528;00611
00540;00592
00553;00558
00563;00518
00560;00475
00550;00449
00546;00431
00539;00423
00533;00427
00530;00439
00530;00443
00524;00440
00501;00455
00477;00473
00466;00488
00463;00493
00459;00485
00462;00471
00464;00454
00462;00436
00456;00442
00454;00462
00468;00476
00485;00498
00502;00519
00511;00527
00509;00542
00502;00557
00493;00569
00487;00577
00484;00569
00482;00563
00480;00543
00477;00521
00476;00501
00485;00499
00503;00501
00527;00504
00553;00490
00559;00483
00557;00478
00561;00467
00562;00475
00564;00475
00559;00469
00547;00461
00532;00440
00520;00411
00499;00398
00490;00384
00489;00377
00480;00373
00472;00368
00464;00367
00461;00372
00463;00365
00464;00371
00458;00387
00453;00404
00454;00422
00448;00442
00440;00463
00434;00470
00427;00474
00419;00475
00410;00486
00409;00504
00415;00521
00424;00533
00428;00540
00436;00535
00444;00522
00452;00518
00460;00517
00466;00521
00475;00520
00486;00501
00500;00476
00507;00458
00514;00446
00521;00446
00528;00457
00536;00479
00546;00499
00554;00516
00561;00530
00558;00550
00544;00571
00536;00585
00543;00587
00537;00581
00526;00570
00518;00541
00508;00506
00500;00469
00489;00441
00486;00423
00488;00414
00490;00416
00482;00423
00485;00416
00484;00407
00477;00404
00470;00408
00464;00415
00457;00426
00452;00429
00451;00425
00452;00413
00454;00400
00456;00412
00470;00427
00488;00430
00502;00424
00500;00429
00497;00426
00492;00426
00483;00427
00473;00427
00464;00424
00454;00413
00439;00401
00424;00396
00411;00393
00415;00379
00423;00368
00430;00366
00436;00368
00440;00376
00442;00390
00447;00404
00458;00424
00471;00452
00487;00481
00501;00508
00510;00528
00514;00530
00519;00525
00523;00518
00528;00513
00537;00518
00547;00517
00557;00515
00566;00521
00575;00529
00587;00532
00600;00547
00616;00572
00635;00592
00654;00615
00675;00609
00678;00596
00670;00575
00663;00548
00655;00523
00649;00507
00642;00494
00633;00481
00624;00470
00617;00455
00600;00454
00595;00458
00601;00470
00607;00488
00615;00503
00624;00510
00629;00491
00626;00459
00617;00432
00605;00412
00598;00402
00596;00395
00595;00385
00593;00363
00585;00340
00573;00327
00567;00343
00576;00368
00595;00385
00615;00390
00635;00389
00655;00388
00670;00371
00669;00359
00662;00354
00659;00342
00660;00322
00648;00310
00629;00309
00609;00314
00590;00322
00567;00334
00549;00363
00545;00398
00548;00436
00548;00473
00542;00502
00542;00507
00542;00503
00540;00496
00539;00492
00538;00481
00535;00482
00533;00487
00532;00487
00533;00493
00537;00503
00542;00518
00548;00526
00550;00531
00550;00527
00550;00520
00553;00499
00556;00468
00560;00436
00563;00404
00568;00381
00573;00376
00582;00380
00598;00378
00612;00370
00613;00371
00606;00382
00598;00400
00591;00425
00583;00456
00576;00487
00574;00501
00573;00522
00573;00549
00581;00593
00602;00637
00628;00672
00652;00701
00671;00736
00693;00766
00713;00790
00730;00826
00741;00825
00734;00816
00714;00796
00693;00771
00672;00756
00657;00740
00651;00711
00644;00685
00641;00676
00640;00668
00642;00687
00665;00702
00694;00710
00716;00703
00723;00687
00724;00675
00720;00669
00714;00663
00704;00639
00690;00602
00677;00569
00658;00549
00641;00537
00630;00535
00627;00523
00619;00516
00610;00514
00602;00509
00595;00505
00585;00515
00576;00523
00568;00536
00563;00543
00557;00562
00557;00590
00569;00599
00580;00585
00579;00569
00573;00557
00566;00545
00559;00535
00552;00518
00539;00504
00527;00487
00515;00469
00504;00468
00494;00486
00497;00503
00508;00510
00520;00498
00533;00490
00552;00478
00576;00463
00586;00449
00590;00446
00590;00443
00587;00438
00581;00433
00576;00432
00569;00440
00556;00445
00532;00460
00506;00478
00492;00499
00486;00506
00483;00494
00481;00478
00482;00461
00482;00450
00481;00444
00487;00441
00501;00440
00516;00449
00535;00450
00552;00452
00570;00462
00588;00472
00597;00485
00607;00495
00621;00489
00622;00484
00618;00476
00614;00473
00610;00478
00608;00491
00606;00516
00606;00546
00612;00571
00618;00584
00618;00600
00634;00608
00638;00611
00640;00610
00642;00610
00638;00598
00633;00569
00628;00531
00619;00497
00606;00478
00594;00477
00581;00491
00579;00504
00581;00494
00592;00461
00593;00425
00581;00408
00561;00396
00542;00389
00526;00382
00511;00367
00493;00344
00476;00321
00459;00319
00433;00343
00422;00375
00425;00404
00433;00424
00438;00434
00443;00436
00459;00434
00464;00435
00465;00438
00464;00442
00463;00442
00459;00437
00458;00428
00461;00421
00471;00413
00478;00411
00472;00429
00477;00451
00484;00478
00493;00500
00505;00521
00516;00540
00522;00555
00523;00581
00522;00614
00524;00638
00524;00625
00520;00599
00514;00571
00506;00545
00497;00527
00491;00515
00488;00513
00485;00513
00485;00514
00491;00523
00500;00567
00518;00607
00535;00641
00555;00657
00573;00639
00581;00617
00591;00590
00606;00555
00620;00515
00631;00472
00640;00428
00642;00389
00645;00352
00636;00334
00621;00349
00614;00364
00609;00380
00598;00407
00588;00440
00577;00473
00567;00497
00561;00514
00557;00528
00559;00538
00565;00546
00570;00556
00576;00569
00585;00567
00597;00555
00600;00550
00604;00554
00603;00561
00600;00574
00604;00589
00613;00591
00621;00599
00624;00598
00621;00594
00613;00600
00612;00601
00613;00604
00615;00612
00623;00611
00633;00607
00634;00613
00634;00612
00631;00622
00632;00648
00638;00679
00648;00717
00661;00745
00674;00761
00686;00774
00688;00785
00689;00783
00693;00779
00699;00785
00701;00793
00699;00790
00694;00785
00686;00782
00681;00788
00676;00788
00673;00796
00674;00807
00672;00820
00672;00818
00674;00802
00674;00788
00673;00771
00675;00764
00674;00763
00667;00762
00654;00756
00642;00755
00633;00756
00628;00761
00626;00765
00626;00769
00622;00764
00611;00740
00598;00704
00586;00684
00583;00668
00578;00656
00571;00657
00562;00668
00554;00685
00543;00701
00537;00726
00538;00769
00544;00818
00554;00867
00565;00915
00578;00954
00589;00982
00605;00999
00622;01004
00645;01004
00664;00989
00678;00982
00691;00985
00700;00973
00705;00956
00703;00946
00707;00944
00708;00939
00707;00952
00709;00975
00720;00994
00727;00966
00724;00923
00724;00892
00727;00868
00736;00839
00739;00818
00739;00808
00740;00797
00735;00775
00724;00767
00727;00789
00744;00801
00750;00802
00748;00804
00740;00809
00740;00796
00743;00780
00748;00742
00745;00701
00738;00656
00721;00616
00699;00600
00683;00599
00681;00589
00684;00572
00677;00562
00667;00543
00655;00538
00655;00535
00655;00537
00653;00531
00649;00513
00644;00495
00634;00486
00622;00482
00620;00483
00620;00492
00622;00497
00618;00487
00610;00475
00603;00463
00594;00451
00585;00444
00579;00441
00576;00445
00573;00444
00568;00446
00564;00443
00559;00463
00562;00489
00572;00528
00590;00568
00613;00588
00627;00595
00636;00587
00646;00574
00651;00551
00651;00536
00651;00521
00649;00506
00646;00485
00643;00454
00638;00433
00640;00420
00649;00409
00653;00405
00645;00409
00640;00418
00636;00428
00635;00436
00632;00448
00626;00467
00621;00494
00618;00525
00611;00570
00614;00604
00629;00630
00645;00646
00659;00662
00672;00666
00690;00654
00700;00653
00701;00652
00699;00649
00697;00641
00693;00640
00690;00644
00685;00649
00685;00660
00683;00687
00677;00717
00680;00725
00686;00732
00696;00742
00706;00750
00719;00760
00731;00758
00736;00745
00735;00723
00734;00708
00735;00703
00743;00711
00761;00711
00768;00709
00769;00720
00771;00711
00775;00730
00786;00743
00803;00753
00817;00736
00828;00713
00821;00701
00803;00704
00792;00710
00788;00706
00786;00707
00785;00686
00779;00686
00778;00690
00780;00696
00771;00695
00762;00679
00756;00654
00749;00628
00739;00606
00723;00590
00702;00585
00687;00577
00670;00558
00649;00551
00633;00557
00623;00563
00614;00566
00605;00568
00598;00560
00590;00543
00584;00532
00578;00511
00572;00497
00570;00483
00578;00471
00596;00464
00613;00460
00622;00454
00633;00451
00647;00460
00662;00466
00672;00491
00683;00524
00697;00549
00717;00555
00735;00533
00755;00507
00776;00479
00790;00445
00791;00416
00789;00388
00787;00357
00780;00321
00768;00300
00750;00300
00724;00326
00699;00356
00682;00387
00676;00418
00694;00431
00709;00439
00712;00440
00715;00444
00714;00434
00707;00423
00697;00414
00683;00410
00667;00413
00648;00420
00616;00440
00596;00456
00586;00482
00578;00512
00579;00551
00589;00573
00605;00573
00628;00559
00645;00539
00654;00514
00655;00501
00652;00493
00653;00487
00659;00477
00663;00471
00663;00480
00665;00508
00677;00542
00692;00572
00695;00605
00701;00630
00707;00644
00711;00640
00710;00634
00712;00613
00714;00593
00712;00587
00698;00582
00685;00587
00689;00591
00697;00586
00707;00586
00718;00589
00724;00593
00723;00601
00721;00606
00705;00593
00689;00580
00680;00565
00674;00550
00665;00541
00656;00535
00646;00543
00641;00549
00641;00560
00643;00568
00657;00576
00670;00588
00683;00597
00693;00591
00690;00574
00683;00566
00679;00546
00677;00518
00678;00485
00677;00461
00677;00453
00683;00449
00693;00449
00712;00462
00726;00471
00733;00468
00738;00470
00740;00486
00738;00508
00737;00518
00733;00506
00718;00480
00693;00453
00658;00432
00635;00433
00625;00444
00613;00454
00605;00455
00604;00456
00595;00459
00583;00474
00579;00496
00575;00515
00573;00530
00575;00532
00577;00527
00583;00509
00584;00493
00575;00476
00575;00468
00583;00467
00587;00465
00588;00464
00591;00461
00591;00462
00589;00464
00582;00482
00576;00506
00568;00533
00563;00554
00554;00560
00550;00566
00551;00572
00553;00585
00557;00615
00563;00641
00575;00661
00590;00670
00601;00670
00607;00670
00613;00677
00617;00681
00618;00682
00617;00673
00616;00650
00616;00628
00612;00596
00606;00571
00606;00554
00610;00545
00619;00545
00632;00544
00648;00549
00663;00558
00677;00562
00694;00557
00716;00556
00734;00548
00727;00543
00716;00536
00700;00520
00680;00504
00663;00487
00649;00474
00634;00461
00613;00460
00585;00477
00563;00495
00566;00500
00568;00489
00562;00486
00557;00488
00552;00497
00548;00496
00544;00500
00542;00504
00540;00494
00536;00493
00533;00494
00533;00507
00541;00526
00549;00544
00555;00561
00559;00589
00565;00621
00576;00642
00586;00668
00597;00705
00612;00744
00628;00767
00645;00765
00651;00752
00650;00730
00645;00706
00637;00679
00628;00662
00620;00649
00611;00626
00600;00614
00589;00619
00576;00631
00568;00647
00567;00669
00569;00693
00571;00711
00574;00735
00580;00746
00584;00743
00584;00727
00586;00719
00593;00735
00607;00747
00623;00751
00639;00737
00654;00723
00666;00702
00678;00690
00691;00697
00705;00708
00717;00709
00723;00685
00725;00668
00730;00660
00738;00663
00750;00676
00766;00686
00777;00689
00777;00676
00770;00670
00758;00667
00749;00671
00745;00674
00743;00681
00739;00686
00738;00683
00734;00676
00721;00670
00713;00665
00713;00653
00719;00648
00722;00654
00719;00658
00710;00657
00695;00651
00671;00643
00647;00636
00634;00637
00627;00650
00616;00667
00605;00676
00598;00670
00597;00660
00604;00654
00618;00655
00640;00672
00665;00693
00686;00711
00698;00715
00703;00722
00711;00719
00717;00715
00715;00725
00707;00726
00693;00722
00675;00707
00656;00704
00649;00693
00654;00682
00673;00657
00690;00626
00682;00611
00674;00596
00669;00589
00666;00589
00663;00591
00660;00581
00654;00588
00646;00604
00635;00633
00628;00671
00644;00692
00658;00696
00669;00691
00674;00684
00676;00669
00676;00665
00682;00663
00691;00664
00705;00647
00706;00630
00703;00621
00702;00627
00704;00647
00707;00663
00711;00682
00714;00697
00712;00695
00703;00683
00683;00682
00678;00685
00678;00697
00679;00692
00679;00677
00680;00666
00688;00636
00684;00611
00676;00601
00668;00601
00662;00605
00656;00604
00649;00585
00643;00575
00639;00563
00636;00548
00630;00554
00635;00557
00639;00559
00644;00552
00647;00541
00652;00534
00658;00532
00664;00539
00670;00544
00678;00553
00686;00558
00681;00557
00674;00558
00669;00552
00665;00549
00660;00550
00652;00562
00645;00565
00634;00577
00621;00589
00605;00605
00606;00617
00613;00615
00616;00622
00613;00630
00610;00633
00608;00629
00606;00617
00610;00602
00620;00581
00626;00570
00628;00569
00631;00568
00636;00572
00646;00575
00655;00578
00666;00579
00675;00591
00688;00589
00693;00592
00702;00578
00710;00563
00720;00553
00729;00528
00735;00509
00739;00492
00734;00489
00727;00494
00715;00516
00706;00534
00704;00550
00701;00558
00696;00568
00696;00593
00701;00608
00719;00604
00724;00578
00711;00546
00696;00509
00680;00482
00658;00463
00638;00449
00620;00436
00598;00418
00569;00407
00527;00420
00502;00444
00499;00468
00497;00493
00494;00501
00491;00505
00487;00516
00485;00518
00481;00515
00481;00507
00483;00496
00486;00490
00490;00485
00494;00480
00499;00486
00504;00490
00511;00486
00518;00484
00530;00473
00529;00466
00525;00460
00522;00445
00520;00426
00519;00402
00520;00380
00521;00363
00520;00346
00518;00334
00517;00339
00531;00352
00552;00350
00572;00348
00590;00355
00609;00357
00626;00344
00634;00335
00637;00331
00640;00331
00640;00326
00640;00312
00631;00312
00622;00321
00613;00329
00603;00344
00593;00374
00592;00402
00596;00429
00600;00456
00603;00483
00607;00516
00614;00550
00618;00567
00620;00578
00623;00587
00625;00595
00627;00616
00632;00627
00634;00636
00633;00641
00633;00646
00635;00644
00637;00645
00636;00657
00636;00668
00633;00674
00634;00666
00635;00666
00639;00672
00642;00668
00643;00663
00643;00664
00646;00671
00653;00674
00665;00670
00675;00669
00681;00661
00686;00653
00690;00642
00695;00647
00704;00653
00714;00657
00727;00655
00736;00635
00734;00622
00729;00608
00733;00592
00727;00567
00720;00544
00713;00528
00710;00516
00705;00502
00702;00484
00692;00484
00686;00480
00688;00469
00688;00462
00697;00468
00712;00474
00732;00454
00736;00426
00716;00398
00691;00385
00674;00374
00661;00372
00645;00380
00629;00397
00609;00409
00583;00416
00548;00450
00529;00484
00535;00517
00542;00545
00549;00556
00558;00563
00567;00560
00571;00568
00574;00578
00576;00603
00583;00614
00592;00629
00603;00633
00608;00634
00611;00637
00607;00632
00599;00636
00590;00631
00582;00632
00580;00619
00578;00590
00573;00546
00558;00514
00545;00482
00535;00465
00529;00460
00529;00460
00535;00459
00544;00458
00551;00465
00555;00490
00559;00532
00570;00563
00577;00597
00584;00619
00594;00635
00601;00645
00607;00661
00614;00676
00622;00680
00626;00686
00632;00689
00637;00713
00649;00742
00664;00782
00679;00828
00702;00865
00712;00888
00713;00903
00711;00907
00712;00904
00711;00897
00712;00873
00715;00854
00716;00842
00716;00820
00705;00801
00703;00785
00708;00766
00716;00756
00730;00738
00742;00734
00754;00729
00765;00704
00775;00657
00782;00619
00793;00585
00802;00565
00807;00550
00814;00546
00817;00559
00826;00564
00828;00576
00823;00592
00813;00632
00803;00670
00790;00714
00785;00745
00783;00753
00774;00743
00758;00717
00733;00688
00712;00660
00700;00651
00695;00651
00687;00657
00680;00658
00673;00662
00670;00690
00670;00722
00678;00749
00682;00772
00683;00793
00678;00797
00670;00772
00667;00740
00663;00711
00663;00680
00664;00644
00659;00621
00656;00628
00662;00635
00673;00650
00686;00677
00704;00720
00722;00735
00732;00737
00733;00741
00730;00752
00733;00768
00736;00758
00737;00747
00736;00729
00734;00720
00731;00712
00726;00734
00729;00765
00737;00786
00741;00802
00742;00793
00736;00802
00728;00810
00725;00817
00720;00798
00714;00762
00708;00727
00700;00689
00695;00671
00694;00661
00693;00660
00694;00656
00696;00665
00696;00682
00699;00710
00706;00755
00713;00800
00720;00850
00727;00874
00729;00888
00731;00907
00737;00909
00743;00908
00750;00900
00756;00905
00763;00907
00771;00893
00777;00867
00776;00855
00780;00847
00785;00842
00792;00854
00801;00860
00810;00860
00814;00831
00808;00789
00798;00753
00789;00732
00785;00721
00782;00712
00782;00703
00783;00703
00781;00706
00778;00723
00779;00749
00787;00789
00799;00830
00816;00872
00833;00908
00849;00956
00864;00990
00878;01006
00895;01013
00905;01004
00911;01014
00918;01034
00924;01060
00927;01073
00925;01074
00917;01057
00905;01052
00891;01056
00877;01074
00874;01096
00874;01091
00874;01050
00871;00997
00868;00948
00865;00917
00871;00900
00887;00891
00910;00881
00937;00860
00958;00842
00980;00828
00992;00838
01011;00855
01028;00885
01047;00914
01068;00934
01079;00929
01076;00908
01062;00890
01048;00869
01034;00869
01029;00877
01019;00884
01014;00887
01010;00884
01004;00880
01004;00893
01015;00911
01034;00911
01054;00899
01060;00861
01056;00806
01046;00758
01039;00714
01031;00676
01024;00639
01015;00614
01002;00615
00987;00631
00969;00657
00967;00682
00967;00724
00968;00750
00963;00769
00955;00782
00944;00797
00930;00809
00916;00796
00901;00779
00885;00770
00869;00789
00867;00816
00870;00846
00874;00883
00884;00915
00896;00939
00909;00945
00926;00947
00938;00949
00948;00953
00956;00933
00959;00883
00956;00838
00956;00783
00951;00734
00947;00689
00944;00662
00936;00650
00933;00659
00938;00657
00951;00648
00969;00632
00969;00613
00963;00602
00951;00603
00937;00603
00921;00595
00906;00572
00890;00537
00870;00511
00844;00512
00812;00545
00805;00588
00802;00622
00803;00646
00806;00682
00810;00721
00821;00769
00841;00814
00860;00869
00876;00913
00891;00931
00908;00946
00928;00992
00955;01085
00985;01124
01005;01160
01012;01199
01011;01223
01001;01220
00994;01218
00989;01242
00982;01256
00971;01249
00951;01203
00932;01209
00924;01206
00925;01192
00928;01197
00948;01203
00964;01218
00977;01251
00985;01280
00998;01278
01006;01248
00999;01209
00986;01185
00972;01163
00955;01145
00934;01144
00916;01133
00892;01071
00875;01020
00861;00991
00860;00951
00854;00903
00848;00864
00842;00839
00834;00814
00826;00797
00820;00773
00819;00779
00815;00794
00806;00812
00800;00857
00819;00898
00838;00921
00852;00926
00870;00931
00891;00911
00904;00896
00916;00889
00928;00880
00938;00867
00938;00856
00927;00858
00922;00859
00920;00873
00915;00886
00907;00912
00906;00938
00906;00918
00898;00883
00894;00847
00894;00813
00899;00776
00905;00753
00912;00730
00926;00699
00935;00666
00932;00637
00927;00641
00934;00648
00942;00659
00948;00653
00953;00638
00950;00618
00939;00591
00915;00574
00894;00558
00883;00544
00876;00542
00864;00553
00850;00566
00839;00592
00823;00633
00813;00672
00811;00711
00815;00752
00822;00796
00826;00840
00830;00856
00835;00871
00841;00886
00849;00905
00859;00938
00870;00984
00881;01031
00893;01063
00897;01094
00901;01146
00909;01210
00921;01263
00935;01305
00943;01326
00939;01322
00932;01301
00928;01259
00931;01221
00938;01175
00942;01103
00944;01043
00939;00985
00923;00935
00909;00905
00905;00888
00905;00872
00903;00883
00899;00897
00894;00916
00890;00933
00885;00931
00882;00923
00886;00920
00888;00915
00895;00909
00906;00907
00917;00891
00919;00873
00920;00861
00920;00851
00918;00850
00918;00848
00915;00842
00912;00834
00908;00822
00908;00799
00911;00776
00917;00758
00921;00730
00923;00706
00928;00700
00934;00706
00940;00712
00947;00722
00953;00726
00949;00730
00932;00747
00917;00763
00904;00783
00892;00792
00881;00778
00871;00758
00864;00738
00856;00717
00851;00708
00846;00716
00848;00732
00855;00748
00870;00770
00887;00792
00899;00810
00908;00823
00913;00828
00917;00831
00917;00829
00919;00829
00920;00811
00916;00782
00907;00747
00904;00729
00904;00744
00910;00759
00917;00764
00921;00762
00916;00764
00908;00753
00899;00745
00890;00746
00882;00752
00869;00742
00854;00710
00843;00683
00845;00673
00850;00664
00858;00656
00865;00657
00872;00672
00879;00685
00887;00705
00899;00723
00912;00747
00914;00765
00899;00783
00886;00813
00882;00839
00884;00870
00890;00876
00903;00870
00915;00859
00920;00857
00923;00875
00939;00898
00954;00911
00968;00909
00980;00895
00992;00858
01000;00839
00998;00834
00995;00837
01002;00836
01017;00800
01028;00760
01044;00729
01056;00719
01066;00728
01071;00745
01075;00768
01078;00789
01082;00799
01080;00799
01064;00824
01050;00861
01037;00909
01033;00945
01029;00971
01030;01009
01038;01020
01054;01030
01072;01030
01098;01034
01127;01056
01149;01093
01172;01119
01194;01154
01219;01200
01250;01236
01286;01285
01321;01298
01335;01313
01323;01321
01313;01294
01303;01238
01288;01186
01269;01125
01246;01061
01217;01005
01185;00971
01153;00963
01142;00968
01160;00981
01184;00997
01206;01008
01229;01014
01260;01022
01294;00997
01306;00947
01296;00878
01285;00819
01269;00759
01240;00700
01210;00654
01187;00631
01168;00616
01128;00602
01077;00617
01042;00651
01029;00693
01016;00746
01001;00803
00991;00856
00981;00889
00970;00908
00958;00923
00965;00933
00976;00948
00983;00952
00982;00932
00978;00881
00980;00810
00979;00750
00970;00704
00958;00661
00949;00602
00944;00542
00927;00471
00913;00422
00904;00395
00899;00393
00889;00405
00881;00417
00874;00453
00870;00492
00866;00548
00865;00606
00880;00655
00901;00693
00923;00704
00938;00704
00945;00694
00947;00680
00954;00634
00961;00578
00962;00519
00958;00461
00943;00414
00918;00375
00888;00364
00859;00355
00836;00366
00820;00375
00808;00390
00795;00414
00782;00440
00767;00466
00754;00490
00748;00513
00748;00534
00752;00554
00761;00566
00772;00592
00781;00629
00794;00657
00807;00683
00821;00714
00829;00747
00840;00772
00852;00796
00867;00824
00867;00841
00858;00839
00847;00815
00838;00784
00829;00755
00823;00721
00820;00697
00814;00684
00808;00674
00800;00668
00803;00679
00813;00699
00823;00727
00828;00772
00833;00814
00836;00858
00846;00878
00856;00899
00862;00901
00863;00898
00867;00879
00870;00860
00873;00849
00873;00836
00870;00827
00862;00825
00852;00840
00849;00841
00850;00853
00848;00871
00845;00895
00844;00917
00840;00922
00842;00924
00849;00921
00861;00909
00875;00900
00884;00901
00889;00918
00896;00927
00902;00938
00906;00951
00908;00960
00904;00966
00899;00973
00893;00988
00884;00996
00873;01016
00865;01013
00861;01012
00859;01000
00856;00997
00856;01027
00861;01062
00867;01102
00872;01142
00875;01184
00884;01206
00887;01244
00892;01274
00893;01300
00895;01310
00893;01288
00892;01260
00893;01227
00894;01192
00898;01160
00895;01142
00894;01132
00890;01130
00894;01131
00898;01128
00901;01130
00900;01148
00897;01167
00895;01180
00894;01184
00896;01182
00902;01166
00907;01144
00913;01117
00917;01104
00924;01131
00935;01156
00947;01176
00958;01209
00971;01241
00982;01275
00991;01304
01001;01336
01005;01375
01008;01409
01012;01393
01013;01353
01013;01323
01016;01272
01013;01230
01007;01186
01003;01151
00997;01122
00993;01119
00992;01118
00993;01144
00995;01192
01000;01240
01002;01304
01011;01359
01022;01413
01036;01453
01050;01469
01065;01460
01077;01459
01091;01463
01105;01468
01114;01491
01124;01506
01137;01509
01149;01500
01152;01502
01150;01536
01146;01574
01144;01590
01137;01572
01132;01527
01125;01455
01114;01387
01098;01346
01082;01329
01077;01311
01077;01286
01080;01277
01081;01285
01081;01310
01074;01362
01070;01455
01074;01524
01078;01584
01082;01646
01079;01681
01075;01704
01071;01709
01071;01708
01076;01727
01091;01747
01117;01705
01137;01658
01142;01574
01137;01467
01135;01387
01133;01322
01135;01257
01132;01200
01135;01119
01132;01022
01114;00946
01094;00899
01086;00885
01089;00882
01089;00891
01090;00909
01089;00916
01102;00871
01103;00828
01097;00798
01092;00780
01082;00751
01075;00727
01071;00706
01077;00656
01079;00590
01076;00538
01055;00536
01037;00554
01027;00563
01017;00574
01005;00594
00995;00613
00985;00628
00969;00659
00963;00685
00960;00704
00963;00721
00963;00726
00965;00726
00972;00718
00985;00707
00995;00699
01001;00677
01002;00662
00997;00665
00991;00686
00987;00701
00992;00697
00995;00691
00999;00672
01002;00649
01000;00627
00998;00619
00996;00616
00988;00593
00985;00554
00978;00524
00962;00519
00946;00525
00933;00552
00918;00576
00914;00586
00912;00578
00900;00566
00895;00566
00889;00575
00879;00586
00871;00588
00863;00579
00855;00557
00843;00543
00825;00543
00807;00562
00801;00578
00795;00599
00787;00629
00791;00646
00800;00656
00810;00674
00821;00703
00836;00739
00853;00775
00866;00810
00877;00849
00888;00851
00903;00827
00918;00800
00918;00790
00911;00784
00901;00779
00891;00765
00884;00749
00880;00728
00880;00702
00877;00714
00872;00730
00861;00751
00854;00754
00851;00744
00849;00730
00852;00712
00847;00690
00844;00668
00839;00647
00828;00621
00817;00609
00809;00601
00806;00600
00804;00608
00808;00598
00814;00584
00819;00577
00822;00573
00828;00570
00835;00550
00838;00526
00842;00499
00857;00467
00870;00440
00879;00425
00882;00418
00892;00407
00900;00391
00897;00378
00897;00381
00896;00387
00891;00398
00877;00412
00862;00420
00845;00430
00828;00441
00815;00462
00807;00496
00805;00535
00810;00590
00824;00653
00841;00712
00856;00776
00872;00844
00890;00907
00901;00945
00912;00970
00921;00998
00933;01002
00931;00985
00927;00955
00927;00931
00934;00910
00943;00885
00948;00870
00944;00880
00937;00899
00934;00894
00925;00906
00927;00901
00928;00901
00925;00894
00922;00874
00915;00846
00913;00808
00921;00769
00928;00728
00931;00708
00932;00687
00931;00695
00935;00681
00939;00674
00933;00680
00929;00705
00923;00749
00922;00800
00925;00854
00928;00895
00938;00920
00947;00916
00941;00932
00934;00941
00938;00944
00949;00939
00951;00925
00953;00897
00952;00867
00955;00837
00955;00822
00962;00829
00975;00841
00991;00863
01004;00865
01010;00852
01020;00835
01021;00817
01018;00806
01016;00800
01016;00791
01010;00788
01007;00783
01004;00784
01001;00808
01000;00855
01005;00905
01021;00973
01044;01029
01064;01077
01077;01115
01087;01119
01093;01122
01101;01121
01111;01117
01127;01102
01133;01078
01123;01048
01113;01017
01106;00990
01108;00965
01120;00969
01138;00959
01153;00952
01161;00940
01162;00916
01169;00907
01185;00883
01199;00880
01221;00878
01239;00874
01242;00876
01248;00890
01243;00899
01233;00921
01222;00961
01220;01006
01222;01063
01228;01103
01228;01148
01231;01195
01247;01203
01251;01205
01260;01192
01264;01173
01265;01165
01261;01156
01255;01152
01251;01146
01246;01136
01242;01116
01223;01117
01210;01126
01206;01149
01214;01160
01235;01128
01252;01094
01262;01053
01267;01027
01266;01011
01265;01015
01275;01042
01289;01076
01310;01123
01342;01184
01373;01257
01406;01315
01420;01358
01425;01392
01432;01415
01436;01418
01443;01391
01459;01357
01481;01292
01513;01216
01512;01172
01514;01105
01518;01015
01499;00934
01466;00856
01426;00796
01383;00741
01330;00679
01258;00631
01171;00584
01114;00500
01081;00443
01036;00423
01032;00391
01058;00345
01097;00302
01096;00289
01078;00291
01066;00305
01048;00326
01017;00366
00961;00412
00908;00443
00860;00463
00803;00485
00736;00510
00713;00510
00699;00506
00681;00488
00656;00473
00630;00463
00611;00453
00603;00452
00588;00467
00571;00483
00556;00493
00553;00497
00562;00501
00575;00508
00590;00506
00606;00488
00614;00478
00621;00475
00628;00468
00630;00470
00630;00476
00623;00498
00611;00509
00601;00519
00591;00538
00577;00576
00575;00599
00587;00605
00608;00597
00633;00594
00651;00598
00668;00578
00692;00570
00725;00558
00756;00555
00788;00551
00814;00559
00830;00572
00839;00590
00854;00603
00862;00608
00861;00620
00841;00629
00813;00636
00793;00631
00771;00613
00747;00591
00716;00578
00682;00577
00645;00576
00625;00574
00609;00582
00604;00581
00610;00582
00612;00588
00607;00599
00607;00603
00616;00607
00628;00604
00635;00605
00640;00607
00649;00591
00658;00576
00662;00562
00667;00553
00679;00545
00695;00541
00715;00541
00740;00543
00767;00541
00789;00536
00804;00550
00812;00573
00816;00597
00819;00614
00828;00616
00834;00613
00837;00606
00833;00601
00827;00601
00821;00604
00816;00606
00820;00601
00821;00600
00822;00604
00824;00632
00826;00656
00823;00677
00818;00694
00812;00706
00810;00697
00813;00681
00807;00667
00807;00639
00811;00606
00808;00575
00798;00564
00791;00558
00788;00551
00782;00531
00784;00526
00789;00528
00794;00537
00802;00560
00812;00580
00821;00583
00833;00566
00839;00550
00841;00543
00848;00543
00851;00550
00855;00553
00869;00547
00864;00539
00857;00530
00865;00521
00875;00515
00888;00509
00901;00492
00922;00465
00940;00436
00957;00401
00969;00367
00991;00326
01018;00288
01012;00280
00999;00288
00991;00300
00983;00311
00964;00328
00943;00349
00913;00388
00877;00433
00839;00483
00798;00531
00788;00542
00780;00544
00768;00536
00758;00540
00753;00551
00752;00562
00760;00563
00763;00550
00758;00542
00754;00535
00738;00550
00727;00551
00718;00553
00713;00542
00711;00527
00706;00521
00698;00517
00702;00516
00722;00502
00744;00509
00762;00535
00785;00546
00793;00566
00796;00592
00793;00617
00797;00632
00800;00645
00795;00662
00781;00685
00767;00688
00757;00660
00740;00661
00737;00650
00736;00650
00737;00647
00731;00653
00732;00652
00732;00646
00732;00629
00733;00621
00733;00608
00733;00582
00740;00578
00736;00560
00736;00554
00730;00539
00724;00525
00714;00517
00707;00517
00693;00508
00687;00506
00685;00522
00679;00525
00681;00523
00670;00521
00672;00521
00682;00529
00693;00542
00697;00557
00707;00568
00713;00567
00717;00551
00721;00531
00718;00533
00724;00534
00729;00538
00725;00548
00731;00551
00735;00556
00730;00558
00726;00573
00727;00593
00723;00620
00722;00626
00717;00631
00711;00625
00704;00610
00693;00598
00695;00577
00711;00568
00723;00561
00722;00560
00721;00561
00726;00570
00735;00581
00748;00592
00768;00600
00787;00604
00792;00599
00792;00593
00793;00568
00806;00534
00822;00496
00831;00461
00839;00424
00855;00393
00854;00364
00845;00356
00834;00373
00821;00400
00809;00444
00790;00484
00772;00515
00765;00545
00757;00573
00738;00607
00726;00634
00726;00645
00730;00639
00739;00630
00738;00634
00731;00646
00722;00666
00714;00676
00709;00684
00711;00679
00706;00695
00689;00718
00679;00740
00668;00750
00667;00734
00679;00709
00699;00677
00702;00664
00699;00653
00694;00648
00697;00632
00703;00604
00706;00590
00705;00580
00706;00581
00699;00592
00685;00607
00683;00596
00683;00580
00674;00565
00659;00543
00649;00518
00646;00482
00643;00447
00639;00422
00636;00399
00626;00379
00616;00373
00611;00370
00613;00363
00618;00369
00624;00381
00629;00393
00632;00400
00635;00401
00631;00400
00631;00395
00627;00389
00618;00392
00610;00396
00602;00393
00596;00394
00585;00393
00573;00397
00563;00397
00565;00400
00573;00404
00581;00404
00594;00391
00601;00378
00601;00369
00598;00359
00596;00356
00598;00349
00602;00346
00598;00342
00592;00340
00591;00344
00587;00354
00581;00363
00578;00378
00578;00391
00579;00405
00579;00416
00582;00416
00581;00412
00575;00404
00569;00397
00562;00396
00560;00399
00561;00397
00560;00401
00562;00405
00563;00428
00556;00461
00554;00495
00559;00522
00565;00538
00572;00544
00582;00542
00588;00530
00594;00514
00599;00498
00603;00475
00613;00469
00620;00461
00622;00459
00626;00458
00637;00463
00642;00471
00651;00486
00666;00498
00669;00517
00675;00519
00685;00498
00694;00477
00706;00454
00704;00436
00693;00421
00684;00412
00674;00404
00665;00400
00668;00382
00667;00379
00657;00378
00648;00385
00639;00393
00643;00398
00652;00398
00658;00396
00667;00393
00674;00384
00676;00380
00679;00375
00691;00380
00706;00385
00717;00393
00724;00410
00728;00433
00735;00450
00744;00458
00752;00473
00762;00488
00768;00500
00765;00504
00761;00498
00760;00493
00758;00490
00764;00498
00770;00509
00771;00531
00770;00558
00774;00585
00784;00614
00797;00647
00814;00675
00831;00695
00840;00709
00843;00711
00847;00714
00853;00715
00864;00707
00873;00698
00884;00706
00898;00730
00911;00764
00929;00810
00957;00859
00989;00906
01021;00949
01050;00980
01061;00981
01055;00960
01034;00924
01008;00863
00986;00790
00971;00706
00949;00608
00911;00520
00867;00446
00819;00389
00785;00368
00767;00378
00764;00391
00770;00396
00768;00416
00758;00437
00752;00463
00757;00472
00764;00473
00774;00465
00785;00458
00788;00442
00791;00427
00791;00432
00798;00431
00801;00437
00800;00451
00804;00481
00809;00511
00814;00544
00827;00568
00843;00590
00852;00603
00845;00601
00835;00595
00830;00584
00831;00581
00837;00579
00844;00574
00846;00569
00842;00560
00837;00544
00833;00533
00839;00529
00841;00537
00839;00553
00834;00566
00826;00574
00817;00594
00811;00603
00803;00610
00801;00626
00804;00651
00809;00696
00821;00731
00836;00763
00848;00788
00859;00810
00875;00824
00894;00848
00914;00874
00945;00872
00967;00849
00977;00799
00983;00760
00987;00714
00980;00668
00980;00631
00986;00582
00978;00530
00956;00490
00925;00475
00897;00479
00882;00487
00869;00495
00858;00514
00858;00532
00849;00531
00826;00533
00815;00530
00814;00516
00815;00499
00818;00487
00817;00480
00812;00460
00805;00438
00795;00413
00787;00392
00782;00379
00774;00371
00759;00383
00743;00396
00725;00399
00712;00397
00705;00398
00702;00400
00701;00406
00703;00429
00708;00448
00715;00476
00732;00497
00747;00521
00764;00546
00779;00577
00794;00610
00808;00625
00818;00632
00829;00626
00842;00616
00855;00601
00861;00584
00870;00566
00880;00555
00890;00552
00897;00548
00904;00564
00917;00580
00927;00595
00935;00622
00940;00666
00950;00722
00960;00774
00969;00819
00977;00825
00984;00817
00984;00805
00972;00806
00962;00807
00956;00798
00951;00777
00943;00743
00932;00713
00923;00677
00911;00659
00896;00659
00888;00660
00886;00661
00885;00661
00882;00675
00881;00662
00878;00637
00874;00609
00866;00587
00861;00590
00861;00592
00863;00593
00860;00588
00854;00585
00849;00575
00845;00599
00847;00643
00853;00686
00861;00735
00874;00755
00888;00778
00901;00795
00915;00818
00930;00848
00945;00876
00959;00892
00968;00891
00976;00878
00976;00857
00969;00847
00961;00839
00951;00832
00943;00821
00940;00790
00938;00740
00924;00684
00910;00637
00896;00612
00890;00598
00887;00601
00888;00597
00887;00598
00890;00589
00893;00579
00883;00595
00880;00623
00881;00650
00881;00674
00880;00692
00880;00688
00877;00687
00878;00687
00877;00697
00873;00727
00879;00749
00890;00755
00897;00750
00898;00750
00898;00747
00899;00745
00897;00752
00896;00753
00898;00755
00895;00746
00888;00748
00883;00758
00889;00779
00904;00784
00917;00795
00923;00830
00930;00843
00935;00845
00931;00837
00925;00836
00922;00833
00914;00840
00903;00846
00896;00862
00894;00871
00900;00856
00911;00856
00928;00876
00951;00898
00973;00917
00987;00929
00998;00935
01014;00926
01022;00910
01017;00895
01010;00886
00998;00892
00982;00888
00967;00885
00954;00885
00946;00898
00942;00909
00933;00921
00931;00942
00941;00977
00956;01007
00962;01001
00956;01008
00952;01027
00954;01063
00960;01085
00966;01114
00977;01130
00984;01108
01000;01062
01018;01015
01036;00981
01045;00945
01045;00913
01043;00883
01036;00869
01028;00855
01022;00837
01004;00843
00964;00866
00912;00899
00868;00941
00844;00980
00826;01010
00810;01015
00798;01018
00784;00991
00760;00989
00753;00988
00758;00986
00766;00987
00781;00983
00795;00992
00809;01002
00821;01017
00834;01025
00847;01052
00855;01066
00852;01096
00853;01131
00856;01147
00857;01161
00855;01144
00851;01141
00851;01158
00855;01175
00864;01189
00881;01200
00897;01193
00910;01182
00925;01182
00952;01163
00967;01172
00978;01165
00985;01147
00987;01131
00985;01096
00982;01079
00988;01074
00991;01074
00989;01101
00975;01153
00976;01205
00984;01252
00994;01288
01006;01288
01009;01313
01009;01354
01010;01392
01013;01420
01023;01376
01037;01325
01050;01262
01055;01175
01039;01104
01025;01057
01020;01014
01011;00969
01000;00931
00990;00891
00976;00890
00951;00908
00927;00932
00912;00966
00915;00992
00916;01014
00915;01013
00919;00999
00920;00979
00920;00962
00918;00971
00919;00956
00918;00938
00909;00940
00907;00926
00897;00913
00884;00912
00871;00912
00861;00916
00850;00925
00841;00905
00832;00878
00822;00855
00822;00842
00826;00844
00838;00859
00849;00876
00863;00896
00875;00902
00881;00878
00885;00855
00890;00832
00886;00801
00874;00756
00853;00704
00823;00643
00790;00586
00753;00527
00717;00478
00684;00447
00652;00426
00611;00427
00579;00443
00554;00454
00534;00467
00520;00483
00512;00510
00509;00550
00511;00582
00515;00617
00522;00644
00535;00644
00546;00637
00552;00638
00558;00653
00569;00667
00584;00670
00593;00661
00598;00654
00601;00638
00598;00632
00594;00651
00593;00667
00595;00674
00597;00663
00593;00652
00585;00649
00585;00644
00587;00649
00593;00669
00603;00698
00613;00729
00625;00765
00637;00802
00653;00839
00675;00879
00697;00906
00715;00921
00719;00920
00717;00907
00712;00867
00710;00809
00702;00748
00692;00696
00679;00653
00664;00609
00647;00574
00630;00567
00623;00575
00623;00590
00626;00612
00627;00644
00629;00666
00626;00657
00616;00642
00601;00622
00582;00584
00561;00527
00537;00465
00509;00399
00479;00331
00447;00263
00415;00204
00385;00169
00360;00135
00339;00098
00321;00079
00305;00069
00291;00062
00280;00064
00270;00070
00262;00071
00255;00071
00249;00071
00245;00071
00241;00072
00238;00072
00234;00075
00230;00089
00227;00101
00225;00119
00216;00142
00207;00161
00198;00171
00189;00190
00180;00210
00172;00228
00164;00235
00155;00226
00146;00211
00136;00189
00133;00162
00130;00140
00129;00126
00127;00102
00125;00084
00123;00071
00120;00067
00119;00070
00118;00079
00117;00091
00116;00101
00116;00111
00115;00116
00114;00113
00113;00109
00112;00115
00111;00122
00111;00126
00110;00129
00110;00133
00110;00143
00109;00146
00109;00166
00108;00191
00108;00213
00109;00224
00109;00228
00110;00225
00110;00214
00111;00202
00111;00200
00112;00206
00113;00188
00113;00182
00114;00179
00114;00177
00114;00178
00114;00176
00114;00176
00113;00181
00113;00175
00112;00164
00111;00165
00111;00155
00110;00146
00109;00136
00107;00127
00106;00118
00104;00114
00102;00105
00101;00099
00099;00091
00098;00092
00097;00097
00096;00105
00096;00103
00096;00095
00097;00093
00097;00086
00098;00085
00099;00090
00100;00104
00101;00123
00101;00135
00102;00143
00102;00162
00101;00194
00101;00227
00101;00264
00101;00292
00101;00307
00101;00314
00101;00305
00102;00299
00103;00289
00103;00274
00104;00260
00104;00237
00104;00210
00104;00187
00104;00166
00104;00146
