026
1.29
PD500-0212
001157 001239 001049
1.11 1.40 1.30
CORE MUSC 2 2ND
19.06.2015
14:55:42
010
10000
05014
1
05000
03640
0150
5000
0059
0469
01378
02003
4
1
1
1
1
0
+00,0
089,6
+00,0
006,9
0
0
0
0
0
000
00000
0
0
000
000
00000
0
0
0
000
00000


0
0
0
00000
000
00000
0
000
000
000
00000
00000
000
000
00000
000
000
00000
000
000
00000
0
0
0
00000
00000
000
000
00,0
000
000
000
00000
000
000
0
0
0
00000
000
00000
000
000
0
0
0
00000
00000
00000
00000
00000
00000
0
0
000
00000
000
0
000
00000
000
0
00000
000000




00000-00000: 
00000-00000: 
00000-00000: 
00000-00000: 
00000-00000: 
00000-00000: 
MUSC 2





00007;00110
00015;00123
00016;00129
00016;00146
00019;00166
00024;00197
00032;00221
00038;00248
00045;00277
00054;00282
00060;00285
00066;00325
00079;00372
00094;00413
00107;00453
00117;00488
00125;00524
00134;00540
00145;00544
00154;00551
00164;00560
00174;00580
00182;00608
00190;00633
00198;00651
00208;00663
00219;00673
00226;00711
00233;00758
00243;00810
00251;00849
00259;00853
00267;00842
00273;00826
00280;00813
00285;00816
00289;00842
00298;00855
00306;00864
00312;00866
00314;00877
00315;00921
00320;00977
00324;01055
00326;01131
00327;01185
00331;01207
00333;01206
00332;01187
00332;01167
00336;01152
00339;01148
00339;01134
00341;01103
00342;01071
00344;01057
00344;01057
00345;01078
00346;01119
00345;01166
00347;01194
00347;01172
00342;01154
00336;01136
00334;01125
00333;01135
00332;01161
00330;01185
00329;01205
00331;01195
00329;01199
00328;01255
00332;01291
00332;01335
00331;01369
00327;01378
00325;01376
00322;01352
00327;01295
00330;01266
00340;01241
00353;01210
00362;01218
00375;01210
00390;01196
00405;01177
00417;01160
00428;01166
00433;01215
00435;01252
00431;01280
00429;01268
00429;01224
00430;01184
00432;01158
00433;01150
00436;01148
00436;01164
00435;01186
00436;01225
00444;01247
00448;01267
00445;01292
00442;01333
00434;01368
00426;01376
00417;01363
00412;01303
00404;01211
00394;01115
00379;01039
00367;01004
00360;00997
00355;00974
00353;00953
00353;00944
00357;00950
00365;00977
00378;01009
00389;01031
00401;01047
00410;01036
00420;00993
00428;00946
00437;00910
00448;00872
00470;00826
00476;00785
00475;00768
00477;00743
00479;00720
00478;00704
00480;00692
00482;00698
00485;00703
00487;00705
00474;00695
00469;00678
00468;00643
00464;00623
00462;00604
00461;00604
00459;00621
00459;00627
00460;00629
00460;00632
00462;00640
00466;00652
00470;00667
00477;00687
00484;00705
00493;00702
00501;00679
00506;00658
00507;00640
00507;00628
00505;00635
00505;00642
00505;00646
00509;00632
00511;00618
00501;00612
00489;00622
00479;00627
00470;00631
00461;00619
00452;00586
00438;00571
00426;00548
00412;00534
00394;00520
00391;00522
00392;00533
00395;00561
00404;00584
00418;00612
00435;00637
00455;00649
00473;00679
00489;00720
00506;00763
00521;00783
00537;00770
00551;00740
00559;00718
00565;00701
00567;00708
00568;00715
00556;00721
00545;00716
00537;00710
00530;00707
00521;00729
00512;00761
00501;00798
00489;00829
00479;00841
00473;00849
00479;00842
00488;00831
00499;00820
00508;00832
00516;00859
00530;00883
00545;00883
00560;00889
00578;00898
00598;00890
00606;00878
00589;00876
00568;00881
00548;00862
00527;00805
00502;00744
00477;00703
00456;00661
00434;00633
00408;00632
00392;00656
00399;00662
00411;00668
00426;00680
00444;00699
00462;00723
00477;00743
00490;00756
00502;00763
00514;00768
00531;00742
00546;00723
00546;00692
00531;00683
00519;00699
00507;00697
00494;00688
00481;00681
00468;00678
00458;00670
00448;00676
00441;00693
00449;00721
00472;00717
00479;00684
00472;00652
00471;00635
00471;00616
00472;00607
00471;00612
00471;00632
00468;00623
00457;00618
00439;00619
00435;00643
00448;00671
00463;00683
00476;00693
00474;00698
00469;00695
00460;00677
00449;00675
00445;00660
00444;00655
00445;00655
00442;00662
00436;00664
00430;00676
00437;00686
00448;00699
00462;00719
00481;00746
00497;00780
00512;00807
00528;00805
00544;00806
00563;00816
00582;00821
00599;00831
00612;00847
00624;00869
00632;00878
00643;00879
00650;00866
00658;00859
00654;00854
00632;00851
00610;00849
00590;00826
00574;00793
00556;00756
00543;00726
00531;00693
00525;00671
00516;00667
00513;00667
00526;00664
00542;00671
00558;00685
00572;00697
00588;00705
00605;00719
00621;00744
00632;00764
00643;00767
00655;00747
00668;00733
00685;00701
00701;00680
00704;00665
00695;00659
00678;00645
00657;00636
00639;00629
00620;00637
00601;00660
00580;00685
00556;00724
00529;00760
00523;00807
00535;00827
00549;00842
00564;00854
00579;00859
00591;00869
00601;00878
00611;00876
00620;00874
00631;00869
00639;00854
00641;00851
00642;00865
00644;00874
00647;00886
00655;00879
00669;00863
00688;00852
00709;00834
00732;00835
00761;00828
00796;00823
00836;00803
00854;00782
00847;00779
00836;00800
00828;00829
00813;00844
00789;00871
00764;00870
00733;00879
00696;00879
00662;00890
00654;00896
00670;00888
00690;00885
00703;00898
00720;00921
00749;00934
00778;00954
00821;00954
00843;00965
00857;00971
00866;00997
00883;01003
00898;00967
00905;00903
00904;00842
00886;00788
00867;00745
00838;00718
00827;00707
00818;00692
00809;00671
00805;00670
00797;00706
00798;00764
00811;00824
00844;00870
00866;00915
00884;00944
00899;00942
00913;00942
00932;00923
00940;00892
00939;00860
00949;00812
00945;00764
00925;00731
00910;00692
00900;00669
00896;00657
00892;00662
00907;00662
00911;00667
00910;00658
00888;00651
00870;00648
00859;00630
00848;00608
00839;00593
00828;00604
00821;00610
00793;00634
00777;00655
00770;00679
00774;00709
00783;00726
00799;00746
00833;00729
00856;00698
00861;00652
00852;00597
00842;00539
00833;00490
00827;00454
00827;00424
00833;00387
00831;00359
00816;00366
00806;00368
00811;00357
00814;00360
00815;00375
00815;00387
00811;00385
00805;00365
00791;00359
00785;00347
00774;00345
00757;00359
00737;00388
00735;00405
00747;00397
00769;00382
00778;00373
00780;00379
00777;00382
00769;00392
00760;00389
00753;00386
00745;00382
00739;00368
00728;00369
00708;00374
00697;00389
00691;00406
00688;00408
00689;00406
00691;00408
00693;00412
00696;00405
00700;00407
00699;00406
00689;00416
00685;00412
00698;00393
00708;00392
00714;00386
00717;00388
00721;00388
00725;00399
00728;00408
00729;00413
00735;00413
00737;00416
00727;00423
00730;00425
00737;00428
00741;00420
00735;00410
00724;00400
00714;00386
00706;00376
00698;00368
00692;00366
00690;00380
00680;00394
00677;00408
00691;00417
00719;00412
00760;00385
00779;00374
00786;00382
00791;00394
00795;00399
00798;00382
00802;00362
00804;00338
00789;00326
00768;00326
00746;00351
00745;00372
00749;00383
00757;00393
00761;00400
00760;00415
00754;00427
00744;00454
00743;00473
00740;00494
00735;00495
00735;00485
00749;00463
00760;00431
00772;00407
00791;00393
00804;00387
00815;00362
00827;00336
00839;00312
00835;00305
00822;00304
00807;00315
00794;00330
00776;00346
00756;00344
00742;00339
00730;00340
00720;00349
00714;00363
00718;00390
00731;00411
00748;00410
00752;00409
00759;00397
00769;00395
00785;00393
00800;00400
00816;00402
00838;00394
00847;00386
00849;00390
00853;00381
00882;00360
00897;00351
00902;00351
00899;00348
00902;00343
00910;00344
00902;00358
00905;00354
00905;00348
00895;00376
00874;00416
00865;00451
00870;00473
00894;00474
00906;00461
00896;00450
00887;00438
00876;00437
00868;00437
00860;00439
00857;00445
00863;00443
00867;00445
00859;00450
00850;00469
00843;00492
00839;00512
00841;00523
00841;00527
00836;00513
00825;00496
00808;00487
00789;00497
00765;00532
00749;00566
00747;00589
00749;00608
00751;00609
00756;00617
00765;00636
00781;00650
00809;00642
00839;00602
00866;00549
00897;00496
00914;00453
00932;00410
00957;00390
00973;00361
00994;00326
01009;00290
01004;00264
00988;00250
00965;00243
00939;00230
00917;00204
00895;00171
00861;00130
00827;00096
00794;00068
00758;00047
00727;00034
00696;00037
00676;00050
00652;00077
00634;00111
00620;00149
00612;00192
00619;00237
00629;00283
00632;00324
00636;00363
00645;00389
00655;00405
00669;00416
00685;00430
00700;00436
00714;00438
00717;00448
00715;00452
00726;00454
00753;00436
00772;00426
00785;00421
00801;00410
00813;00391
00833;00403
00852;00426
00872;00444
00892;00458
00916;00473
00923;00514
00937;00585
00955;00667
00971;00752
00991;00833
01003;00891
01020;00908
01029;00889
01027;00888
01011;00898
01004;00893
01008;00836
01005;00763
00988;00688
00972;00614
00950;00538
00918;00497
00891;00486
00866;00472
00850;00462
00833;00468
00806;00492
00784;00517
00779;00541
00775;00568
00773;00598
00774;00623
00782;00650
00797;00655
00810;00644
00822;00622
00841;00614
00858;00616
00872;00600
00882;00578
00895;00553
00905;00527
00922;00486
00935;00462
00946;00452
00948;00450
00945;00431
00950;00395
00954;00371
00950;00354
00939;00342
00935;00342
00923;00357
00908;00370
00898;00385
00903;00394
00910;00405
00905;00427
00898;00460
00900;00492
00905;00527
00911;00544
00922;00567
00930;00573
00937;00573
00940;00574
00943;00591
00951;00613
00960;00627
00974;00640
00993;00640
01020;00630
01037;00607
01044;00615
01050;00626
01053;00636
01057;00624
01066;00592
01084;00551
01090;00515
01083;00495
01069;00506
01058;00525
01064;00536
01071;00542
01082;00543
01092;00543
01091;00554
01077;00570
01064;00581
01056;00583
01043;00566
01031;00557
01018;00543
01002;00533
00983;00528
00970;00534
00962;00550
00963;00570
00962;00580
00968;00593
00971;00611
00975;00615
00976;00627
00980;00638
00986;00641
00989;00635
00996;00614
00999;00583
00997;00564
00992;00551
00987;00554
00984;00575
00989;00581
00990;00587
00990;00603
00990;00616
00982;00614
00984;00616
00986;00623
00987;00639
00989;00627
00989;00607
00986;00580
00988;00546
00994;00501
00992;00454
00991;00440
00975;00452
00965;00469
00963;00472
00961;00481
00958;00485
00956;00512
00955;00545
00955;00586
00962;00626
00970;00637
00976;00612
00979;00579
00986;00534
00989;00507
00997;00488
01002;00462
01001;00434
00991;00400
00979;00361
00967;00354
00963;00371
00973;00387
00981;00407
00990;00398
00999;00374
01005;00339
01011;00303
01018;00275
01019;00269
01013;00259
01008;00242
00997;00223
00998;00198
01001;00190
00998;00192
00990;00203
00984;00209
00984;00221
00988;00222
00989;00227
00989;00219
00985;00215
00965;00219
00942;00229
00923;00244
00912;00261
00898;00285
00879;00301
00865;00314
00851;00326
00837;00359
00828;00390
00823;00417
00820;00428
00817;00442
00813;00454
00810;00456
00814;00456
00819;00450
00821;00443
00836;00427
00842;00426
00850;00420
00851;00409
00847;00392
00841;00377
00836;00371
00832;00371
00833;00371
00842;00370
00836;00358
00832;00339
00823;00333
00820;00351
00819;00368
00823;00379
00826;00398
00823;00420
00813;00444
00805;00461
00802;00491
00805;00522
00811;00541
00814;00544
00818;00546
00824;00532
00836;00500
00848;00459
00866;00428
00876;00400
00885;00372
00891;00343
00904;00324
00917;00305
00926;00284
00922;00285
00912;00299
00906;00321
00893;00341
00886;00355
00875;00360
00865;00362
00854;00360
00847;00362
00848;00366
00858;00364
00861;00364
00857;00361
00850;00359
00841;00364
00837;00381
00836;00393
00831;00404
00820;00419
00807;00438
00798;00453
00799;00452
00799;00445
00798;00433
00797;00432
00799;00428
00799;00427
00800;00424
00805;00402
00814;00376
00822;00366
00822;00371
00821;00383
00833;00394
00849;00399
00855;00389
00870;00379
00878;00375
00891;00389
00903;00406
00909;00420
00919;00438
00921;00461
00908;00498
00893;00525
00886;00563
00870;00582
00859;00602
00840;00614
00823;00618
00812;00610
00806;00579
00808;00541
00813;00494
00819;00461
00832;00421
00838;00400
00839;00383
00837;00370
00833;00362
00829;00367
00821;00389
00817;00409
00817;00424
00820;00422
00823;00413
00837;00393
00856;00375
00872;00359
00885;00350
00897;00333
00920;00311
00924;00299
00927;00290
00923;00291
00913;00312
00896;00337
00886;00361
00885;00380
00888;00378
00889;00370
00876;00359
00878;00340
00877;00325
00871;00312
00864;00296
00859;00278
00851;00262
00834;00251
00816;00254
00801;00267
00788;00291
00779;00317
00777;00340
00780;00358
00788;00362
00793;00370
00799;00373
00804;00373
00809;00374
00812;00375
00812;00381
00818;00385
00829;00387
00834;00389
00845;00398
00866;00397
00879;00395
00888;00394
00893;00404
00896;00412
00903;00393
00902;00366
00893;00344
00890;00329
00884;00330
00866;00343
00854;00361
00848;00375
00849;00374
00854;00376
00852;00401
00858;00427
00864;00457
00869;00475
00870;00476
00873;00468
00880;00454
00890;00445
00898;00439
00901;00427
00904;00418
00902;00420
00904;00421
00908;00426
00914;00437
00926;00446
00934;00458
00943;00466
00953;00477
00960;00489
00964;00486
00972;00466
00988;00432
00999;00400
01008;00370
01006;00357
01001;00352
00995;00350
00987;00342
00988;00332
00982;00330
00969;00341
00950;00367
00937;00389
00922;00406
00906;00407
00893;00402
00882;00398
00876;00395
00879;00392
00888;00394
00896;00390
00898;00385
00894;00378
00889;00379
00893;00385
00901;00389
00899;00393
00887;00404
00867;00421
00857;00426
00862;00418
00865;00401
00869;00385
00869;00383
00863;00393
00854;00404
00853;00412
00861;00414
00871;00413
00882;00411
00883;00429
00880;00461
00879;00491
00887;00505
00895;00497
00905;00493
00918;00491
00928;00491
00937;00485
00942;00490
00944;00490
00948;00484
00950;00490
00954;00513
00959;00567
00962;00616
00964;00646
00964;00657
00962;00684
00968;00692
00975;00690
00981;00680
00991;00664
00988;00644
00986;00613
00984;00571
00981;00525
00971;00501
00960;00483
00938;00471
00919;00472
00907;00479
00892;00483
00894;00469
00899;00441
00900;00420
00899;00420
00914;00408
00927;00392
00944;00391
00955;00397
00963;00399
00979;00406
00986;00426
00984;00449
00986;00465
00990;00475
00986;00491
00985;00499
00986;00486
00998;00460
01004;00442
00999;00423
00989;00406
00980;00399
00972;00402
00967;00420
00964;00425
00958;00427
00944;00439
00929;00459
00925;00477
00927;00489
00932;00485
00934;00470
00940;00445
00946;00413
00947;00399
00951;00390
00957;00398
00965;00411
00967;00416
00988;00409
01006;00406
01010;00407
01007;00423
01003;00437
00996;00455
00995;00484
00994;00494
00992;00484
00995;00470
00969;00470
00955;00477
00960;00495
00965;00511
00966;00523
00980;00504
00992;00488
00995;00478
00990;00482
00983;00506
00989;00538
00998;00552
00993;00541
00989;00517
00984;00503
00968;00508
00954;00500
00948;00497
00954;00495
00954;00488
00950;00475
00939;00477
00937;00500
00940;00530
00946;00556
00954;00564
00958;00574
00962;00571
00966;00562
00977;00538
00981;00521
00980;00511
00979;00505
00982;00503
00983;00507
00982;00532
00986;00557
00991;00576
00985;00587
00974;00606
00972;00625
00972;00630
00975;00614
00980;00583
00990;00554
00991;00529
00987;00512
00987;00500
00992;00509
01003;00518
01013;00513
01015;00516
01022;00529
01033;00551
01033;00564
01041;00571
01054;00575
01060;00597
01064;00585
01078;00557
01091;00538
01107;00516
01115;00509
01109;00495
01105;00493
01098;00489
01089;00483
01084;00466
01086;00458
01080;00454
01065;00453
01060;00438
01052;00408
01040;00383
01032;00355
01027;00329
01018;00313
01006;00301
00990;00309
00972;00332
00964;00347
00958;00373
00956;00402
00965;00425
00978;00438
00984;00458
00992;00465
01001;00469
01009;00456
01015;00434
01014;00418
01014;00396
01020;00387
01014;00386
01005;00383
01001;00377
00997;00380
00992;00377
00983;00392
00973;00409
00965;00429
00953;00448
00938;00451
00930;00441
00920;00431
00908;00415
00898;00405
00888;00405
00883;00405
00882;00408
00882;00411
00886;00420
00886;00442
00891;00471
00892;00503
00895;00535
00898;00550
00903;00549
00907;00534
00909;00517
00907;00497
00911;00481
00916;00467
00920;00452
00935;00439
00954;00420
00968;00406
00973;00404
00973;00410
00974;00418
00976;00427
00968;00426
00962;00419
00958;00405
00953;00389
00942;00378
00931;00367
00926;00358
00936;00347
00947;00333
00955;00319
00959;00308
00961;00300
00954;00304
00942;00317
00934;00339
00932;00352
00929;00359
00915;00366
00904;00368
00905;00358
00910;00366
00913;00390
00916;00410
00916;00416
00916;00411
00912;00410
00911;00415
00913;00422
00914;00438
00905;00468
00908;00477
00917;00468
00926;00454
00936;00436
00943;00422
00946;00412
00951;00401
00955;00400
00955;00401
00954;00398
00941;00407
00927;00414
00922;00409
00917;00413
00915;00424
00918;00429
00922;00441
00923;00438
00926;00426
00926;00417
00926;00408
00925;00419
00923;00443
00923;00461
00922;00477
00920;00496
00915;00509
00912;00525
00914;00543
00917;00558
00921;00564
00923;00549
00923;00524
00926;00505
00932;00484
00937;00475
00944;00464
00954;00459
00967;00453
00981;00448
00982;00450
00989;00449
00995;00457
00994;00466
00992;00475
00997;00467
00997;00458
00989;00444
00974;00435
00962;00423
00961;00409
00957;00419
00954;00438
00961;00444
00970;00441
00966;00442
00962;00439
00963;00442
00971;00441
00973;00451
00971;00461
00968;00449
00964;00429
00961;00417
00957;00403
00965;00395
00966;00398
00964;00408
00955;00428
00953;00441
00958;00454
00965;00470
00970;00488
00969;00507
00966;00542
00962;00573
00971;00589
00981;00589
00993;00584
01006;00570
01020;00554
01034;00547
01045;00539
01055;00531
01075;00511
01089;00484
01085;00465
01076;00457
01063;00456
01046;00458
01025;00455
01006;00445
00997;00425
00984;00412
00960;00409
00937;00418
00933;00430
00940;00437
00946;00430
00951;00428
00955;00431
00955;00428
00948;00442
00950;00451
00960;00457
00976;00455
00983;00455
00981;00460
00981;00463
00984;00454
00996;00450
01008;00456
01020;00457
01035;00455
01041;00457
01034;00459
01035;00448
01054;00429
01070;00420
01083;00422
01088;00419
01087;00411
01084;00395
01070;00381
01059;00368
01056;00367
01049;00377
01029;00400
01021;00403
01019;00394
01005;00395
00996;00403
00988;00425
00985;00454
00981;00481
00979;00494
00977;00507
00974;00504
00963;00506
00956;00507
00962;00509
00973;00513
00979;00516
00979;00513
00980;00512
00979;00513
00983;00511
00989;00507
01007;00509
01013;00521
01008;00529
00998;00529
00995;00514
00997;00494
01001;00465
01006;00449
01000;00433
00993;00425
00978;00425
00967;00424
00968;00428
00971;00434
00978;00453
00983;00472
00983;00497
00990;00500
00999;00514
01006;00518
01006;00518
01009;00514
01010;00511
01010;00524
01011;00532
01014;00534
01012;00534
01014;00528
01013;00518
01017;00508
01027;00503
01040;00492
01047;00475
01053;00433
01050;00396
01041;00374
01038;00356
01026;00358
01019;00352
01011;00359
00997;00367
00979;00387
00969;00405
00964;00425
00969;00439
00989;00438
00997;00435
01002;00438
01005;00451
01010;00457
01019;00454
01031;00440
01055;00419
01078;00413
01085;00412
01090;00415
01114;00422
01145;00406
01172;00387
01194;00371
01218;00363
01238;00363
01245;00368
01248;00358
01255;00343
01251;00339
01238;00336
01222;00344
01213;00350
01217;00356
01204;00363
01183;00383
01170;00406
01163;00433
01152;00467
01147;00500
01139;00527
01139;00546
01142;00551
01128;00547
01127;00535
01135;00505
01139;00472
01138;00452
01137;00436
01132;00418
01127;00408
01113;00401
01091;00403
01082;00415
01073;00441
01056;00471
01035;00512
01018;00536
01008;00542
01003;00541
01000;00538
01004;00545
01013;00547
01018;00561
01020;00559
01028;00560
01040;00542
01047;00520
01048;00513
01047;00515
01044;00511
01042;00492
01035;00472
01031;00446
01025;00427
01014;00406
00999;00403
00990;00421
00988;00442
00991;00454
00994;00472
00991;00486
00996;00498
01011;00502
01025;00516
01038;00535
01051;00555
01072;00545
01088;00526
01093;00508
01095;00483
01098;00480
01095;00486
01083;00508
01074;00525
01069;00527
01067;00516
01061;00502
01055;00505
01049;00516
01046;00531
01047;00532
01057;00539
01062;00535
01066;00519
01069;00508
01075;00502
01073;00513
01070;00513
01078;00508
01087;00499
01086;00491
01075;00477
01065;00468
01060;00469
01056;00473
01043;00483
01037;00493
01041;00492
01051;00480
01054;00470
01062;00472
01073;00467
01086;00462
01095;00459
01102;00461
01113;00460
01122;00451
01127;00464
01125;00491
01126;00517
01126;00534
01122;00569
01120;00602
01120;00623
01123;00628
01122;00630
01119;00654
01113;00669
01107;00684
01104;00708
01102;00746
01106;00761
01110;00761
01131;00750
01149;00730
01163;00706
01169;00662
01173;00619
01183;00575
01207;00527
01233;00458
01242;00410
01234;00384
01211;00379
01190;00390
01180;00404
01182;00416
01185;00437
01187;00440
01164;00434
01129;00445
01109;00455
01105;00463
01106;00449
01109;00429
01102;00415
01093;00418
01083;00419
01078;00442
01085;00469
01103;00491
01118;00503
01119;00506
01115;00531
01105;00562
01102;00593
01105;00607
01109;00597
01101;00583
01096;00568
01082;00565
01068;00574
01071;00588
01072;00596
01073;00603
01075;00608
01081;00602
01082;00610
01083;00623
01089;00630
01089;00623
01088;00607
01086;00584
01086;00542
01100;00498
01107;00462
01103;00454
01095;00457
01088;00466
01076;00481
01078;00493
01082;00507
01082;00528
01083;00571
01070;00611
01062;00645
01058;00651
01061;00644
01068;00620
01085;00600
01105;00580
01120;00576
01129;00574
01133;00574
01132;00593
01132;00605
01131;00626
01130;00652
01128;00681
01117;00701
01098;00719
01082;00724
01082;00712
01088;00686
01097;00653
01102;00623
01106;00606
01109;00592
01110;00578
01118;00567
01135;00548
01150;00528
01150;00521
01151;00532
01149;00541
01145;00555
01146;00564
01149;00566
01151;00560
01147;00567
01144;00579
01147;00587
01151;00591
01147;00583
01151;00589
01163;00588
01165;00597
01164;00624
01164;00656
01164;00658
01164;00657
01162;00656
01168;00653
01176;00634
01184;00609
01187;00581
01197;00545
01205;00510
01208;00481
01203;00472
01193;00468
01183;00457
01171;00454
01160;00472
01148;00483
01133;00499
01120;00509
01117;00491
01116;00470
01113;00445
01111;00427
01112;00420
01119;00405
01119;00395
01115;00400
01110;00419
01105;00432
01093;00455
01084;00472
01088;00495
01098;00507
01100;00510
01089;00528
01087;00522
01098;00497
01113;00469
01125;00460
01143;00444
01165;00431
01182;00422
01181;00423
01178;00435
01184;00434
01188;00432
01177;00446
01170;00449
01171;00433
01167;00428
01159;00428
01150;00412
01143;00401
01147;00403
01153;00400
01157;00407
01157;00411
01151;00423
01142;00448
01129;00471
01112;00491
01098;00521
01090;00544
01079;00556
01073;00590
01073;00593
01074;00585
01071;00568
01068;00563
01068;00560
01074;00567
01080;00581
01089;00591
01095;00591
01097;00588
01101;00611
01112;00633
01136;00643
01154;00636
01170;00614
01192;00575
01209;00531
01217;00500
01220;00485
01218;00467
01220;00463
01226;00467
01224;00483
01236;00493
01252;00512
01253;00531
01253;00553
01258;00571
01270;00589
01278;00604
01272;00582
01262;00558
01253;00533
01253;00520
01244;00520
01240;00536
01234;00537
01221;00520
01211;00495
01210;00474
01214;00491
01219;00517
01224;00527
01212;00518
01200;00495
01196;00472
01195;00464
01201;00452
01196;00447
01188;00448
01194;00451
01199;00447
01196;00458
01192;00490
01194;00524
01197;00545
01208;00556
01227;00573
01238;00585
01239;00581
01231;00569
01229;00566
01229;00555
01228;00539
01224;00542
01215;00561
01206;00595
01194;00627
01193;00659
01198;00701
01206;00723
01214;00730
01220;00744
01230;00746
01252;00712
01268;00665
01263;00609
01250;00570
01242;00538
01238;00511
01227;00517
01218;00527
01214;00542
01204;00559
01181;00593
01162;00631
01162;00677
01170;00707
01178;00717
01187;00723
01195;00703
01206;00672
01215;00627
01231;00601
01256;00587
01276;00583
01281;00573
01276;00562
01274;00563
01271;00554
01265;00543
01250;00539
01235;00546
01222;00547
01199;00532
01176;00507
01167;00489
01169;00484
01170;00473
01167;00458
01167;00467
01171;00489
01176;00515
01177;00536
01179;00571
01188;00609
01195;00636
01201;00639
01217;00643
01248;00651
01266;00639
01273;00618
01286;00596
01296;00582
01303;00568
01308;00554
01308;00548
01305;00560
01296;00574
01272;00578
01262;00583
01255;00594
01238;00606
01223;00610
01214;00596
01217;00577
01226;00554
01227;00535
01218;00524
01211;00527
01209;00537
01214;00543
01222;00542
01238;00532
01253;00533
01242;00547
01231;00573
01226;00589
01226;00604
01226;00620
01224;00605
01224;00593
01222;00590
01209;00597
01194;00610
01192;00623
01194;00630
01202;00643
01218;00633
01227;00617
01223;00629
01213;00634
01212;00637
01210;00643
01216;00631
01225;00596
01232;00548
01228;00514
01217;00493
01207;00480
01211;00474
01222;00468
01235;00460
01250;00461
01261;00479
01269;00508
01273;00546
01291;00568
01309;00592
01322;00613
01334;00618
01337;00618
01341;00607
01341;00598
01337;00590
01336;00585
01335;00578
01324;00560
01309;00540
01301;00528
01293;00524
01289;00528
01282;00546
01275;00546
01272;00527
01266;00506
01267;00480
01261;00477
01253;00479
01248;00474
01246;00475
01249;00480
01256;00483
01257;00485
01261;00491
01265;00487
01261;00492
01267;00492
01271;00496
01271;00499
01271;00494
01268;00475
01253;00451
01251;00442
01244;00455
01243;00478
01248;00492
01253;00489
01258;00478
01262;00471
01265;00467
01270;00479
01281;00492
01285;00489
01289;00465
01288;00447
01289;00435
01288;00436
01311;00427
01322;00422
01327;00424
01338;00415
01359;00411
01366;00417
01369;00439
01373;00452
01372;00468
01370;00486
01359;00510
01368;00539
01375;00560
01364;00580
01351;00593
01358;00601
01375;00608
01395;00598
01404;00586
01411;00571
01423;00556
01429;00535
01441;00515
01455;00506
01470;00497
01487;00476
01490;00431
01486;00408
01488;00392
01489;00391
01475;00401
01459;00408
01437;00410
01419;00404
01393;00406
01363;00414
01341;00444
01327;00471
01321;00495
01316;00501
01312;00500
01319;00489
01330;00471
01341;00455
01351;00435
01359;00422
01358;00423
01355;00423
01355;00416
01354;00421
01352;00432
01349;00440
01347;00455
01346;00477
01346;00501
01346;00522
01346;00521
01345;00514
01342;00501
01349;00478
01354;00458
01355;00448
01355;00443
01363;00434
01361;00428
01365;00428
01376;00425
01385;00426
01395;00433
01399;00445
01404;00449
01406;00447
01410;00441
01406;00436
01403;00428
01397;00416
01388;00420
01379;00431
01376;00434
01369;00429
01361;00427
01354;00429
01343;00434
01329;00441
01324;00450
01321;00450
01316;00437
01314;00411
01314;00390
01313;00386
01321;00374
01334;00375
01340;00383
01362;00385
01383;00387
01396;00397
01403;00407
01404;00429
01394;00464
01390;00484
01391;00494
01393;00486
01392;00473
01375;00464
01354;00455
01347;00447
01345;00464
01350;00475
01358;00476
01363;00472
01353;00479
01340;00493
01337;00510
01349;00530
01370;00541
01375;00552
01376;00534
01375;00517
01382;00497
01395;00487
01410;00486
01423;00491
01433;00502
01425;00514
01410;00532
01412;00543
01427;00540
01432;00544
01420;00562
01404;00579
01390;00584
01375;00592
01371;00580
01373;00552
01374;00521
01371;00513
01356;00540
01347;00565
01358;00564
01363;00566
01365;00569
01365;00559
01354;00562
01345;00584
01345;00612
01351;00614
01357;00595
01365;00569
01360;00554
01353;00537
01348;00529
01347;00535
01358;00537
01372;00536
01381;00516
01390;00507
01410;00503
01423;00497
01421;00508
01425;00519
01431;00522
01438;00510
01440;00494
01434;00475
01431;00463
01422;00452
01402;00458
01389;00472
01391;00473
01390;00472
01384;00476
01373;00482
01362;00498
01361;00520
01359;00547
01360;00560
01358;00554
01354;00542
01347;00531
01340;00525
01338;00525
01344;00523
01353;00508
01352;00489
01343;00472
01330;00477
01324;00481
01323;00487
01341;00484
01372;00475
01387;00466
01387;00452
01379;00443
01370;00435
01365;00424
01364;00404
01366;00390
01360;00376
01336;00376
01302;00381
01283;00375
01271;00375
01263;00380
01256;00388
01248;00402
01242;00417
01231;00430
01226;00439
01222;00443
01226;00442
01237;00445
01246;00458
01250;00476
01254;00494
01258;00506
01266;00515
01277;00517
01289;00535
01302;00548
01307;00569
01312;00580
01312;00586
01314;00585
01326;00568
01337;00546
01341;00528
01344;00521
01341;00509
01341;00506
01335;00503
01327;00497
01328;00488
01328;00491
01320;00505
01316;00527
01321;00531
01323;00522
01334;00498
01335;00476
01334;00456
01335;00454
01347;00450
01359;00437
01370;00422
01375;00417
01365;00433
01359;00452
01364;00476
01381;00485
01389;00492
01386;00502
01370;00524
01361;00538
01353;00532
01354;00520
01357;00505
01364;00501
01354;00507
01339;00522
01334;00538
01334;00542
01334;00537
01335;00538
01337;00563
01336;00597
01344;00609
01354;00592
01356;00573
01356;00559
01360;00550
01368;00554
01378;00552
01389;00545
01401;00539
01407;00517
01410;00516
01413;00536
01428;00558
01448;00579
01470;00574
01482;00540
01484;00530
01476;00531
01464;00523
01459;00518
01449;00511
01430;00525
01413;00545
01402;00566
01406;00586
01435;00604
01454;00606
01467;00608
01476;00618
01487;00635
01501;00648
01514;00636
01528;00601
01532;00560
01516;00541
01485;00545
01479;00545
01480;00543
01485;00541
01482;00533
01483;00528
01493;00516
01493;00517
01488;00526
01481;00532
01468;00539
01448;00553
01434;00558
01422;00556
01417;00550
01405;00547
01384;00575
01375;00609
01377;00626
01386;00632
01409;00631
01447;00620
01477;00615
01497;00615
01504;00624
01508;00620
01513;00592
01521;00544
01533;00507
01544;00470
01558;00441
01559;00426
01564;00420
01565;00421
01565;00421
01576;00420
01589;00424
01586;00458
01575;00485
01569;00516
01549;00532
01531;00542
01518;00535
01514;00517
01524;00493
01517;00490
01503;00507
01491;00513
01482;00530
01470;00549
01467;00556
01463;00552
01455;00560
01446;00579
01440;00595
01440;00608
01443;00609
01451;00589
01463;00567
01474;00540
01479;00543
01471;00560
01461;00567
01452;00565
01440;00579
01441;00580
01441;00563
01447;00565
01448;00574
01438;00594
01426;00600
01425;00596
01426;00598
01432;00586
01436;00565
01432;00559
01429;00577
01421;00597
01418;00605
01427;00609
01436;00606
01446;00607
01454;00610
01457;00631
01459;00652
01464;00663
01473;00656
01485;00641
01494;00629
01499;00612
01500;00622
01496;00637
01494;00651
01499;00652
01496;00652
01485;00660
01473;00674
01461;00699
01447;00717
01435;00735
01429;00728
01422;00726
01414;00714
01402;00702
01403;00690
01414;00666
01424;00649
01434;00625
01439;00612
01441;00604
01442;00603
01450;00590
01456;00596
01458;00616
01462;00634
01470;00637
01479;00616
01474;00599
01478;00575
01498;00538
01507;00524
01503;00515
01502;00503
01502;00486
01502;00474
01495;00479
01482;00497
01476;00512
01463;00533
01436;00566
01423;00595
01423;00636
01426;00662
01428;00665
01421;00655
01416;00638
01417;00641
01416;00644
01417;00644
01418;00641
01418;00624
01418;00606
01421;00596
01438;00595
01462;00602
01479;00614
01483;00617
01486;00613
01496;00614
01515;00617
01537;00627
01549;00630
01552;00655
01543;00688
01533;00726
01528;00756
01538;00751
01560;00743
01575;00735
01575;00729
01568;00719
01559;00711
01554;00685
01549;00662
01546;00627
01537;00597
01526;00611
01509;00649
01498;00677
01498;00686
01498;00680
01499;00673
01499;00661
01503;00643
01520;00627
01537;00611
01551;00584
01553;00539
01546;00510
01532;00505
01528;00524
01532;00518
01534;00511
01529;00505
01506;00514
01487;00529
01472;00527
01467;00535
01472;00534
01482;00514
01500;00476
01513;00468
01517;00472
01519;00462
01525;00440
01525;00420
01520;00428
01515;00444
01506;00480
01494;00517
01470;00546
01458;00564
01469;00564
01485;00585
01496;00618
01506;00652
01516;00667
01527;00654
01532;00616
01529;00588
01531;00588
01534;00584
01537;00583
01537;00577
01535;00575
01533;00568
01531;00567
01533;00588
01539;00615
01546;00631
01545;00631
01539;00643
01526;00658
01515;00663
01515;00656
01527;00643
01529;00642
01522;00636
01513;00640
01508;00658
01505;00672
01502;00672
01495;00680
01490;00703
01495;00721
01506;00725
01518;00713
01527;00692
01534;00663
01536;00635
01533;00623
01532;00630
01542;00628
01549;00621
01542;00635
01517;00665
01502;00696
01495;00726
01499;00749
01507;00744
01515;00733
01518;00722
01510;00712
01508;00682
01511;00635
01524;00585
01528;00552
01534;00529
01544;00507
01549;00507
01556;00499
01558;00480
01561;00464
01569;00458
01572;00458
01562;00465
01563;00452
01558;00431
01547;00419
01537;00401
01533;00389
01532;00377
01529;00370
01518;00378
01510;00394
01504;00409
01498;00427
01495;00447
01489;00461
01478;00469
01466;00482
01457;00495
01449;00510
01442;00509
01435;00500
01432;00490
01439;00488
01450;00483
01454;00484
01459;00497
01468;00498
01475;00499
01480;00496
01482;00500
01486;00500
01493;00493
01497;00470
01499;00442
01514;00406
01537;00371
01562;00349
01581;00340
01597;00331
01603;00328
01602;00346
01597;00367
01584;00393
01569;00422
01545;00462
01517;00490
01487;00502
01474;00501
01460;00506
01451;00501
01448;00484
01442;00475
01436;00495
01428;00521
01427;00543
01432;00562
01435;00580
01432;00598
01432;00617
01438;00643
01445;00670
01460;00690
01481;00673
01503;00637
01517;00597
01523;00569
01527;00555
01541;00547
01566;00529
01584;00515
01599;00503
01603;00495
01598;00494
01595;00514
01597;00531
01598;00550
01596;00570
01587;00584
01575;00592
01565;00578
01549;00564
01537;00555
01530;00553
01520;00548
01510;00561
01507;00573
01511;00565
01512;00554
01506;00563
01506;00590
01511;00611
01521;00626
01536;00636
01550;00633
01565;00608
01576;00581
01586;00575
01599;00579
01618;00576
01637;00578
01662;00583
01682;00579
01689;00579
01692;00594
01696;00618
01706;00624
01711;00637
01712;00659
01706;00670
01697;00659
01685;00631
01669;00607
01656;00594
01655;00587
01649;00593
01636;00623
01624;00630
01615;00615
01616;00604
01630;00602
01643;00608
01654;00615
01655;00606
01653;00582
01658;00548
01661;00513
01661;00499
01666;00502
01662;00510
01647;00525
01632;00539
01623;00556
01625;00582
01622;00624
01612;00668
01609;00696
01608;00716
01601;00727
01596;00740
01592;00727
01590;00715
01595;00699
01616;00680
01638;00662
01665;00633
01677;00612
01688;00580
01700;00547
01717;00501
01731;00484
01734;00483
01731;00489
01706;00495
01684;00476
01659;00452
01643;00439
01634;00431
01626;00432
01607;00444
01585;00461
01573;00479
01566;00490
01567;00494
01572;00524
01588;00564
01598;00576
01601;00585
01604;00582
01608;00586
01615;00561
01622;00527
01624;00502
01629;00487
01629;00470
01621;00464
01627;00477
01661;00469
01680;00472
01713;00467
01739;00484
01752;00508
01757;00536
01758;00561
01761;00562
01766;00548
01757;00534
01714;00552
01697;00578
01669;00606
01644;00637
01632;00666
01635;00673
01643;00670
01648;00684
01652;00699
01662;00692
01678;00676
01678;00652
01686;00623
01709;00563
01724;00504
01732;00472
01735;00457
01738;00443
01740;00436
01733;00447
01720;00456
01716;00458
01712;00460
01690;00485
01673;00504
01654;00516
01640;00525
01628;00519
01614;00509
01605;00505
01606;00499
01609;00497
01607;00498
01611;00507
01615;00525
01618;00546
01615;00565
01609;00590
01612;00624
01614;00645
01610;00663
01600;00680
01590;00688
01584;00673
01583;00656
01579;00625
01576;00601
01570;00586
01559;00562
01554;00546
01559;00534
01568;00515
01582;00501
01586;00503
01591;00503
01593;00527
01602;00535
01615;00521
01631;00496
01639;00477
01638;00467
01631;00468
01618;00472
01614;00487
01609;00487
01619;00468
01630;00443
01641;00434
01643;00442
01647;00444
01646;00443
01645;00427
01645;00415
01645;00389
01654;00369
01653;00350
01650;00350
01642;00358
01634;00361
01626;00364
01622;00367
01618;00381
01615;00394
01613;00404
01605;00416
01599;00432
01586;00439
01576;00434
01574;00431
01581;00421
01587;00417
01588;00422
01591;00424
01589;00439
01586;00464
01581;00496
01584;00525
01593;00552
01589;00576
01574;00605
01568;00642
01570;00660
01586;00669
01597;00663
01599;00643
01601;00615
01598;00603
01594;00593
01598;00588
01603;00588
01605;00569
01606;00558
01601;00556
01607;00555
01613;00560
01619;00564
01627;00560
01632;00551
01638;00534
01653;00511
01668;00489
01679;00471
01673;00452
01658;00447
01659;00438
01665;00424
01663;00403
01655;00397
01647;00398
01632;00405
01624;00422
01618;00436
01619;00451
01622;00437
01613;00425
01601;00419
01605;00419
01612;00419
01613;00427
01615;00433
01612;00433
01610;00426
01612;00408
01607;00411
01608;00423
01607;00434
01595;00440
01592;00436
01591;00426
01592;00410
01600;00398
01608;00393
01608;00392
01613;00404
01622;00404
01646;00400
01654;00401
01655;00411
01663;00419
01673;00436
01676;00456
01669;00485
01667;00501
01664;00494
01657;00487
01636;00489
01631;00499
01633;00514
01633;00533
01631;00536
01624;00526
01623;00506
01627;00501
01629;00508
01629;00522
01629;00534
01630;00538
01640;00518
01644;00495
01641;00483
01642;00488
01645;00500
01645;00516
01650;00544
01659;00560
01673;00568
01685;00573
01675;00591
01667;00621
01663;00645
01658;00656
01657;00666
01659;00660
01660;00634
01657;00618
01651;00602
01643;00591
01644;00595
01649;00587
01666;00570
01688;00546
01704;00510
01712;00486
01712;00477
01710;00479
01708;00491
01713;00499
01724;00480
01732;00462
01719;00461
01705;00473
01698;00503
01705;00531
01728;00551
01759;00542
01773;00523
01763;00503
01744;00501
01726;00496
01717;00479
01704;00451
01686;00419
01662;00390
01627;00366
01590;00362
01570;00365
01577;00386
01591;00426
01618;00451
01650;00457
01667;00474
01677;00490
01684;00507
01691;00524
01698;00538
01705;00540
01706;00519
01703;00474
01690;00446
01665;00441
01657;00434
01658;00427
01667;00418
01680;00411
01698;00396
01734;00371
01741;00361
01742;00361
01737;00360
01733;00369
01728;00384
01722;00402
01711;00423
01696;00431
01671;00448
01630;00483
01630;00514
01645;00534
01671;00543
01696;00542
01708;00533
01723;00517
01738;00491
01751;00471
01759;00459
01769;00448
01768;00426
01751;00402
01720;00396
01694;00391
01686;00394
01676;00407
01667;00435
01664;00481
01664;00525
01663;00567
01669;00587
01689;00604
01712;00612
01735;00629
01751;00638
01759;00647
01765;00634
01766;00609
01769;00577
01770;00543
01777;00529
01785;00520
01777;00529
01763;00530
01750;00533
01746;00530
01746;00538
01749;00554
01749;00577
01751;00593
01743;00602
01726;00606
01731;00602
01747;00597
01766;00588
01776;00578
01783;00570
01790;00562
01825;00525
01855;00505
01858;00508
01861;00514
01858;00523
01853;00534
01862;00541
01878;00536
01874;00527
01869;00526
01837;00542
01806;00541
01799;00538
01797;00560
01800;00568
01803;00568
01796;00560
01786;00563
01790;00581
01796;00590
01801;00595
01805;00602
01810;00601
01805;00570
01795;00547
01782;00533
01769;00539
01764;00552
01771;00550
01776;00539
01777;00532
01792;00540
01814;00546
01830;00569
01868;00581
01898;00590
01916;00595
01942;00586
01946;00585
01954;00589
01961;00590
01956;00578
01953;00568
01954;00562
01921;00568
01894;00574
01878;00575
01851;00577
01837;00565
01821;00561
01807;00572
01798;00589
01784;00605
01774;00590
01775;00565
01779;00542
01782;00536
01802;00543
01815;00567
01820;00584
01831;00594
01838;00600
01844;00599
01843;00630
01846;00680
01860;00726
01874;00749
01859;00751
01849;00742
01845;00724
01838;00701
01831;00684
01827;00671
01833;00648
01835;00619
01825;00601
01811;00591
01807;00592
01813;00589
01824;00590
01826;00600
01827;00611
01828;00623
01829;00618
01837;00607
01862;00569
01876;00553
01885;00547
01888;00551
01884;00566
01884;00582
01884;00598
01884;00617
01890;00644
01898;00649
01872;00676
01847;00684
01835;00697
01822;00710
01814;00700
01810;00681
01809;00656
01807;00631
01803;00621
01792;00626
01793;00632
01800;00640
01805;00632
01813;00614
01816;00615
01826;00616
01831;00619
01845;00616
01859;00593
01864;00584
01870;00569
01878;00559
01889;00545
01890;00546
01896;00549
01899;00556
01902;00553
01884;00556
01856;00575
01844;00593
01843;00601
01837;00599
01825;00598
01818;00587
01810;00571
01806;00555
01817;00547
01840;00547
01863;00565
01886;00573
01905;00592
01928;00614
01966;00616
01990;00617
01995;00627
01992;00650
01980;00680
01974;00700
01969;00679
01960;00665
01955;00650
01970;00610
01966;00592
01961;00591
01977;00582
01988;00569
01991;00564
01990;00564
01990;00586
01987;00608
01981;00633
01952;00681
01933;00723
01922;00744
01905;00764
01895;00771
01893;00762
01896;00743
01911;00724
01919;00698
01917;00666
01916;00631
01912;00598
01913;00577
01914;00559
01910;00549
01900;00540
01890;00534
01868;00515
01854;00491
01846;00475
01837;00463
01827;00458
01822;00452
01823;00439
01833;00435
01843;00436
01856;00439
01873;00442
01877;00456
01873;00469
01868;00490
01868;00507
01867;00529
01866;00539
01862;00526
01854;00508
01834;00503
01810;00526
01802;00547
01803;00569
01808;00581
01819;00591
01837;00583
01851;00584
01882;00594
01917;00612
01950;00627
01971;00617
01987;00598
01994;00574
02001;00562
02000;00570
01988;00586
01971;00596
01935;00619
01914;00625
01904;00614
01905;00596
01898;00591
01896;00588
01888;00573
01879;00545
01871;00525
01872;00504
01885;00464
01873;00436
01851;00428
01828;00452
01818;00472
01811;00494
01810;00517
01809;00533
01808;00542
01801;00562
01787;00593
01785;00621
01788;00640
01792;00636
01799;00625
01819;00603
01838;00582
01845;00574
01851;00579
01855;00590
01856;00603
01858;00604
01856;00609
01851;00604
01846;00610
01824;00641
01802;00684
01798;00709
01798;00716
01795;00710
01794;00695
01800;00679
01798;00662
01787;00680
01769;00704
01759;00713
01749;00713
01739;00713
01724;00720
01716;00738
01709;00763
01691;00801
01687;00843
01691;00851
01700;00835
01706;00824
01710;00830
01715;00865
01720;00898
01722;00922
01727;00941
01735;00954
01742;00967
01747;00991
01753;01029
01759;01067
01769;01083
01786;01061
01805;01018
01823;00977
01823;00935
01820;00901
01821;00870
01822;00879
01819;00884
01816;00894
01814;00905
01805;00917
01791;00941
01780;00974
01785;01006
01792;01034
01793;01049
01794;01012
01794;00975
01794;00931
01792;00898
01791;00897
01796;00910
01802;00914
01806;00935
01811;00955
01820;00980
01831;01015
01843;01056
01856;01087
01872;01103
01885;01084
01896;01064
01892;01040
01886;00982
01875;00929
01861;00887
01848;00876
01835;00859
01819;00852
01800;00853
01784;00869
01769;00873
01769;00892
01773;00933
01782;00967
01795;00991
01808;00983
01824;00972
01845;00956
01867;00929
01887;00910
01904;00899
01912;00893
01911;00910
01910;00936
01909;00948
01907;00961
01900;00970
01892;00981
01884;01000
01880;01014
01885;01030
01901;01011
01919;00953
01931;00886
01946;00828
01945;00801
01933;00785
01919;00777
01906;00774
01890;00761
01869;00739
01847;00749
01835;00781
01830;00821
01827;00860
01844;00863
01874;00853
01908;00829
01927;00798
01932;00783
01934;00788
01935;00793
01935;00799
01931;00792
01921;00782
01907;00776
01893;00786
01875;00804
01870;00831
01884;00843
01902;00841
01918;00825
01931;00803
01930;00784
01935;00772
01944;00800
01956;00816
01970;00826
01987;00821
01999;00818
02003;00836
01992;00870
01985;00900
01994;00937
01998;00972
02000;00950
01996;00917
01988;00883
01976;00861
01964;00859
01962;00829
01974;00791
01980;00756
01989;00720
01988;00674
01969;00655
01951;00669
01944;00693
01945;00709
01945;00707
01938;00722
01931;00731
01933;00739
01936;00747
01945;00772
01959;00833
01963;00866
01958;00905
01948;00960
01939;01009
01935;01047
01933;01082
01922;01113
01901;01148
01883;01170
01876;01142
01875;01123
01873;01095
01868;01063
01862;01067
01852;01082
01836;01104
01824;01132
01816;01167
01809;01200
01802;01243
01796;01286
01784;01330
01772;01372
01763;01371
01749;01367
01734;01358
01720;01322
01705;01279
01691;01248
01678;01241
01664;01230
01657;01222
01652;01205
01647;01183
01643;01157
01642;01143
01639;01151
01632;01150
01624;01143
01614;01097
01608;01056
01602;01007
01594;00964
01581;00961
01574;00965
01570;00948
01563;00935
01562;00934
01560;00915
01559;00909
01552;00911
01544;00917
01539;00916
01535;00896
01529;00881
01522;00867
01518;00846
01516;00824
01514;00824
01515;00836
01516;00840
01518;00845
01519;00856
01521;00864
01523;00857
01524;00863
01528;00866
01528;00852
01527;00839
01524;00811
01523;00776
01521;00737
01517;00702
01513;00679
01508;00662
01503;00639
01498;00635
01497;00639
01497;00641
01499;00642
01498;00652
01494;00655
01487;00642
01478;00602
01467;00547
01449;00488
01426;00421
01400;00351
01374;00279
01345;00212
01316;00155
01290;00105
01268;00070
01248;00047
01231;00038
01221;00033
01216;00032
01210;00031
01202;00035
01195;00040
01189;00038
01184;00039
01177;00038
01170;00048
01163;00056
01156;00063
01147;00069
01141;00082
01137;00085
01133;00086
01130;00092
01127;00097
01125;00095
01124;00090
01123;00100
01121;00120
01120;00129
01119;00129
01118;00134
01117;00132
01117;00129
01116;00126
01116;00128
01117;00122
01117;00105
01117;00085
01116;00076
01116;00070
01115;00070
01115;00080
01115;00087
01116;00091
01115;00091
01114;00096
01113;00098
01113;00099
01113;00106
01113;00118
01112;00123
01113;00125
01113;00136
01113;00146
01114;00155
01114;00161
01115;00163
01115;00164
01118;00150
01118;00131
01118;00119
01119;00109
01119;00103
01119;00097
01119;00093
01119;00083
01119;00076
01119;00065
01117;00071
01117;00075
01117;00082
01118;00089
01118;00084
01119;00082
01119;00082
01119;00094
01120;00098
01120;00103
01121;00104
01122;00107
01122;00119
01122;00128
01121;00132
01122;00135
01122;00130
01122;00122
01121;00121
01121;00122
01121;00116
01123;00107
01126;00084
01126;00063
01126;00060
01126;00059
01126;00065
01126;00067
01126;00068
01127;00070
01129;00078
01127;00084
01125;00098
01126;00113
01128;00116
