028
1.29
PD500-0212
001157 001239 001049
1.11 1.40 1.30
CORE MUSC 2 2ND
19.06.2015
16:00:14
010
10000
05014
1
05000
01908
0150
5000
0060
0481
01876
01275
4
1
1
1
1
0
+00,0
089,6
+00,8
000,0
0
0
0
0
0
000
00000
0
0
000
000
00000
0
0
0
000
00000


0
0
0
00000
000
00000
0
000
000
000
00000
00000
000
000
00000
000
000
00000
000
000
00000
0
0
0
00000
00000
000
000
00,0
000
000
000
00000
000
000
0
0
0
00000
000
00000
000
000
0
0
0
00000
00000
00000
00000
00000
00000
0
0
000
00000
000
0
000
00000
000
0
00000
000000




00000-00000: 
00000-00000: 
00000-00000: 
00000-00000: 
00000-00000: 
00000-00000: 
MUSC 2





00000;00066
00000;00096
00004;00117
00007;00128
00008;00133
00008;00137
00008;00142
00008;00142
00008;00132
00008;00109
00008;00076
00007;00046
00003;00025
00000;00014
00000;00009
00000;00005
00000;00000
00000;00000
00000;00000
00000;00000
00000;00000
00000;00000
00000;00000
00000;00000
00000;00000
00000;00000
00000;00000
00000;00000
00000;00000
00000;00000
00000;00000
00000;00000
00000;00000
00000;00000
00000;00000
00000;00000
00000;00006
00000;00008
00000;00009
00000;00012
00000;00024
00000;00078
00000;00102
00000;00120
00001;00144
00004;00172
00008;00204
00013;00225
00021;00251
00029;00287
00038;00334
00050;00343
00063;00380
00074;00429
00084;00484
00096;00547
00110;00605
00123;00686
00136;00767
00149;00828
00158;00860
00166;00879
00173;00907
00183;00942
00191;00994
00199;01069
00208;01169
00213;01293
00219;01431
00233;01573
00256;01683
00274;01756
00287;01819
00296;01858
00302;01876
00305;01868
00309;01819
00312;01695
00305;01546
00293;01398
00275;01303
00261;01247
00253;01186
00246;01136
00244;01079
00239;01020
00233;00970
00228;00970
00227;00973
00227;00974
00228;00960
00226;00942
00224;00929
00225;00911
00226;00891
00227;00866
00227;00839
00230;00809
00233;00780
00239;00749
00243;00717
00243;00701
00243;00701
00242;00689
00239;00692
00241;00698
00245;00700
00250;00688
00257;00676
00263;00668
00266;00680
00274;00703
00284;00727
00294;00763
00308;00780
00322;00776
00330;00778
00333;00806
00337;00847
00344;00877
00354;00889
00362;00874
00369;00840
00377;00802
00383;00777
00389;00780
00397;00786
00406;00779
00412;00761
00417;00759
00419;00763
00425;00783
00431;00801
00433;00841
00435;00877
00434;00913
00435;00925
00438;00909
00442;00894
00445;00871
00454;00864
00455;00870
00452;00880
00449;00873
00446;00863
00447;00826
00444;00815
00441;00831
00440;00850
00436;00874
00431;00879
00434;00855
00439;00832
00446;00815
00454;00808
00460;00829
00471;00843
00480;00866
00488;00872
00495;00882
00501;00894
00495;00926
00488;00969
00480;01016
00474;01050
00465;01068
00455;01076
00447;01046
00438;01026
00430;00997
00424;00967
00426;00940
00429;00903
00433;00855
00435;00813
00440;00773
00444;00741
00448;00738
00453;00741
00459;00754
00464;00762
00472;00746
00479;00730
00474;00722
00467;00714
00460;00726
00455;00736
00450;00753
00445;00768
00441;00769
00434;00772
00424;00813
00419;00862
00426;00899
00433;00942
00443;00965
00453;00986
00464;00960
00476;00924
00486;00904
00496;00898
00509;00876
00518;00855
00527;00822
00534;00778
00537;00736
00538;00700
00537;00707
00528;00722
00515;00723
00502;00711
00489;00686
00479;00649
00471;00628
00464;00617
00460;00621
00459;00632
00460;00651
00468;00673
00482;00704
00500;00738
00517;00779
00533;00829
00548;00878
00559;00916
00561;00935
00560;00943
00558;00923
00555;00904
00549;00880
00539;00869
00530;00875
00522;00879
00515;00877
00511;00874
00513;00882
00520;00886
00526;00897
00533;00911
00542;00938
00555;00950
00566;00919
00576;00869
00584;00825
00588;00790
00592;00764
00597;00755
00605;00756
00609;00750
00605;00732
00592;00720
00577;00723
00564;00743
00550;00771
00543;00805
00539;00833
00531;00849
00518;00840
00511;00825
00513;00803
00523;00780
00535;00777
00546;00771
00558;00754
00571;00724
00582;00691
00584;00673
00586;00669
00586;00682
00585;00701
00588;00713
00590;00704
00592;00690
00594;00680
00595;00672
00598;00664
00612;00652
00628;00649
00639;00633
00650;00614
00658;00599
00651;00603
00643;00639
00635;00691
00629;00751
00622;00785
00614;00798
00605;00798
00599;00798
00597;00797
00596;00803
00610;00815
00626;00804
00645;00776
00660;00738
00656;00726
00649;00739
00647;00757
00646;00792
00644;00835
00641;00857
00636;00848
00633;00827
00626;00812
00620;00797
00629;00789
00642;00788
00654;00820
00665;00811
00671;00793
00676;00797
00682;00826
00689;00876
00699;00915
00710;00976
00725;01012
00747;01039
00768;01023
00781;01024
00794;01030
00810;01024
00836;01005
00846;00980
00836;00964
00835;00929
00834;00899
00815;00867
00794;00845
00782;00841
00777;00843
00771;00849
00756;00855
00755;00840
00773;00823
00783;00807
00791;00823
00818;00834
00861;00817
00902;00781
00925;00742
00933;00713
00941;00687
00946;00680
00950;00677
00952;00680
00954;00653
00943;00644
00916;00653
00888;00661
00870;00661
00872;00652
00875;00659
00876;00664
00868;00664
00864;00647
00854;00633
00845;00597
00839;00570
00830;00569
00825;00584
00815;00600
00814;00585
00815;00549
00820;00508
00817;00478
00810;00467
00813;00471
00821;00483
00824;00488
00822;00487
00826;00485
00820;00507
00817;00557
00828;00602
00835;00656
00841;00685
00838;00694
00830;00691
00832;00678
00839;00653
00847;00619
00857;00584
00855;00560
00841;00542
00837;00510
00837;00480
00837;00461
00831;00452
00821;00451
00810;00466
00794;00489
00777;00492
00769;00462
00764;00439
00759;00428
00754;00438
00753;00446
00760;00457
00777;00453
00788;00440
00791;00438
00791;00455
00794;00495
00796;00529
00793;00564
00792;00586
00797;00581
00801;00571
00795;00562
00790;00554
00782;00535
00771;00519
00753;00509
00737;00495
00723;00468
00706;00439
00684;00438
00660;00444
00639;00467
00623;00497
00616;00526
00615;00548
00621;00544
00628;00539
00641;00534
00655;00540
00688;00538
00721;00530
00734;00523
00744;00516
00752;00517
00763;00509
00765;00514
00765;00518
00764;00535
00763;00545
00749;00563
00732;00590
00736;00594
00749;00586
00774;00566
00797;00547
00809;00532
00817;00515
00828;00491
00832;00471
00830;00452
00825;00428
00820;00424
00810;00435
00791;00449
00772;00470
00774;00477
00780;00485
00782;00498
00794;00514
00809;00532
00830;00546
00848;00557
00876;00559
00912;00542
00944;00515
00966;00490
00984;00471
00999;00450
01012;00420
01019;00389
01014;00364
01009;00337
00990;00313
00960;00304
00932;00315
00903;00348
00874;00375
00850;00401
00823;00429
00802;00452
00791;00468
00779;00484
00770;00516
00760;00561
00756;00583
00756;00570
00757;00563
00760;00554
00764;00545
00769;00553
00774;00582
00792;00592
00826;00567
00859;00528
00889;00498
00908;00489
00930;00475
00955;00452
00971;00421
00976;00386
00978;00344
00972;00320
00952;00308
00932;00296
00903;00288
00881;00289
00867;00288
00848;00298
00833;00321
00836;00327
00839;00325
00831;00329
00818;00351
00804;00382
00797;00414
00793;00425
00781;00427
00769;00432
00760;00433
00743;00447
00731;00466
00732;00475
00736;00468
00745;00457
00752;00445
00755;00436
00757;00438
00760;00444
00760;00448
00758;00444
00754;00445
00750;00452
00745;00445
00736;00438
00737;00434
00742;00448
00746;00457
00753;00463
00760;00474
00767;00484
00775;00483
00780;00479
00784;00500
00788;00519
00785;00528
00781;00527
00784;00520
00797;00496
00806;00462
00806;00433
00799;00422
00793;00419
00789;00403
00783;00397
00777;00396
00773;00394
00767;00392
00746;00411
00730;00432
00724;00444
00722;00443
00716;00439
00710;00432
00707;00420
00704;00412
00703;00416
00699;00432
00697;00449
00702;00464
00707;00484
00724;00480
00740;00466
00751;00466
00754;00470
00755;00480
00754;00486
00754;00484
00756;00471
00752;00461
00751;00462
00743;00483
00743;00504
00747;00530
00757;00542
00772;00544
00789;00545
00797;00554
00802;00569
00804;00588
00807;00599
00810;00604
00816;00593
00822;00567
00824;00548
00817;00536
00809;00525
00808;00514
00809;00504
00813;00487
00818;00464
00833;00444
00842;00446
00847;00466
00854;00478
00866;00495
00879;00505
00895;00510
00907;00515
00923;00524
00945;00548
00959;00558
00963;00569
00957;00572
00947;00580
00937;00583
00925;00581
00913;00579
00899;00576
00881;00560
00860;00540
00836;00537
00822;00527
00819;00499
00817;00465
00817;00437
00811;00426
00801;00424
00795;00422
00786;00439
00774;00454
00762;00460
00748;00463
00736;00489
00729;00525
00726;00551
00732;00566
00740;00567
00751;00551
00755;00530
00756;00508
00762;00492
00774;00480
00786;00463
00794;00450
00800;00445
00802;00440
00807;00440
00804;00454
00806;00467
00806;00484
00800;00488
00786;00506
00782;00513
00785;00496
00796;00466
00809;00444
00815;00440
00821;00433
00830;00426
00846;00419
00861;00425
00884;00416
00900;00422
00910;00443
00913;00472
00910;00492
00909;00491
00910;00486
00913;00478
00918;00467
00919;00469
00911;00479
00907;00478
00901;00488
00892;00502
00889;00517
00887;00538
00892;00566
00899;00581
00899;00600
00905;00615
00917;00636
00928;00648
00953;00622
00975;00597
01000;00573
01030;00547
01051;00517
01050;00504
01041;00492
01038;00477
01034;00448
01026;00439
01016;00447
01004;00452
00982;00456
00951;00459
00925;00466
00920;00471
00927;00471
00941;00482
00951;00497
00959;00499
00962;00505
00972;00509
00981;00512
00993;00521
01000;00535
01005;00552
01004;00561
00988;00562
00973;00564
00964;00565
00953;00556
00937;00550
00925;00553
00922;00576
00929;00591
00939;00599
00952;00604
00972;00602
00997;00580
01008;00579
01006;00596
01004;00617
01008;00629
01010;00610
01001;00573
00995;00532
00990;00508
00985;00499
00972;00505
00968;00507
00974;00510
00981;00520
00976;00525
00970;00527
00966;00559
00954;00604
00947;00635
00942;00650
00945;00663
00948;00665
00949;00646
00959;00606
00973;00566
00986;00551
00994;00530
00999;00511
01000;00495
01002;00489
00995;00492
00987;00495
00984;00500
00973;00517
00976;00530
00985;00527
00989;00506
00994;00475
01000;00455
01007;00446
01008;00426
01015;00403
01025;00391
01046;00373
01059;00356
01055;00342
01062;00346
01065;00359
01071;00361
01064;00359
01064;00368
01076;00382
01081;00375
01065;00375
01056;00386
01051;00405
01045;00424
01042;00436
01035;00446
01036;00440
01038;00435
01037;00424
01047;00425
01067;00428
01082;00423
01099;00413
01111;00389
01126;00371
01134;00354
01133;00356
01131;00353
01121;00357
01101;00370
01082;00379
01055;00388
01023;00390
01001;00409
00979;00430
00965;00458
00955;00472
00942;00480
00928;00495
00918;00485
00909;00476
00907;00482
00905;00508
00908;00524
00920;00516
00930;00495
00936;00473
00943;00452
00956;00435
00970;00444
00981;00447
00991;00448
00994;00447
00985;00434
00968;00441
00951;00462
00939;00495
00929;00524
00914;00535
00897;00542
00880;00556
00866;00573
00869;00564
00885;00566
00895;00575
00909;00581
00925;00567
00935;00559
00942;00553
00947;00536
00958;00517
00963;00489
00965;00479
00964;00467
00969;00452
00969;00435
00966;00425
00962;00417
00957;00416
00948;00431
00937;00451
00927;00479
00917;00502
00901;00513
00889;00513
00877;00510
00860;00516
00847;00522
00839;00525
00835;00533
00831;00546
00836;00553
00844;00551
00854;00559
00857;00569
00854;00575
00865;00569
00875;00573
00885;00583
00890;00567
00891;00544
00885;00520
00873;00514
00856;00516
00847;00524
00848;00538
00846;00546
00844;00544
00847;00539
00854;00541
00863;00543
00878;00549
00892;00557
00912;00537
00932;00504
00947;00465
00954;00440
00965;00419
00962;00405
00953;00409
00940;00412
00922;00414
00912;00402
00898;00411
00884;00426
00870;00446
00863;00461
00852;00474
00856;00479
00865;00471
00876;00457
00888;00442
00896;00435
00905;00430
00914;00432
00924;00428
00954;00411
00977;00397
00991;00384
00996;00382
00994;00386
00989;00399
00984;00409
00979;00408
00969;00398
00958;00394
00926;00408
00900;00416
00879;00424
00867;00434
00867;00446
00878;00437
00895;00405
00896;00392
00894;00389
00890;00385
00887;00377
00890;00377
00896;00380
00900;00362
00901;00336
00898;00322
00883;00329
00882;00337
00891;00340
00903;00344
00909;00355
00909;00364
00916;00363
00933;00368
00940;00380
00933;00396
00929;00411
00928;00408
00923;00401
00917;00387
00918;00367
00913;00351
00903;00337
00891;00340
00891;00346
00903;00349
00922;00339
00936;00347
00942;00354
00950;00363
00946;00368
00948;00379
00946;00403
00939;00411
00932;00407
00928;00403
00919;00406
00910;00401
00905;00396
00907;00397
00925;00406
00930;00401
00935;00392
00936;00394
00934;00396
00923;00395
00908;00397
00900;00404
00898;00413
00887;00414
00870;00414
00872;00417
00869;00413
00868;00417
00866;00426
00865;00437
00869;00440
00872;00440
00870;00439
00867;00443
00871;00445
00880;00454
00887;00460
00890;00447
00898;00426
00911;00401
00918;00383
00921;00374
00927;00375
00933;00377
00934;00377
00926;00369
00932;00350
00942;00336
00939;00332
00934;00335
00929;00344
00924;00343
00916;00329
00909;00314
00903;00308
00898;00310
00885;00324
00869;00352
00860;00380
00853;00407
00849;00423
00846;00440
00847;00465
00850;00496
00849;00516
00842;00530
00839;00531
00839;00525
00847;00504
00862;00476
00881;00449
00900;00421
00917;00402
00926;00385
00929;00370
00937;00350
00943;00340
00948;00329
00950;00334
00944;00349
00933;00371
00916;00398
00905;00403
00903;00405
00913;00417
00926;00434
00931;00455
00931;00476
00927;00492
00922;00502
00914;00506
00916;00500
00915;00504
00909;00502
00898;00486
00884;00470
00872;00456
00868;00445
00873;00420
00877;00396
00884;00378
00891;00367
00907;00360
00913;00373
00918;00388
00927;00394
00934;00401
00940;00404
00940;00422
00942;00439
00945;00451
00949;00462
00936;00463
00936;00452
00937;00442
00934;00446
00933;00451
00932;00459
00933;00475
00934;00511
00934;00542
00931;00572
00935;00617
00942;00662
00960;00685
00985;00687
00999;00682
01005;00671
01009;00637
01011;00584
01018;00540
01017;00507
01016;00475
01011;00443
00996;00428
00973;00421
00962;00424
00964;00425
00980;00434
01001;00437
01019;00435
01042;00429
01057;00411
01074;00378
01086;00352
01099;00338
01108;00318
01107;00315
01099;00314
01094;00325
01084;00333
01080;00336
01079;00336
01071;00349
01077;00358
01083;00363
01091;00370
01100;00363
01100;00354
01090;00341
01080;00330
01062;00329
01048;00349
01039;00366
01020;00385
01003;00399
00988;00416
00977;00436
00971;00462
00969;00489
00972;00520
00980;00537
00992;00524
01002;00504
01013;00493
01024;00494
01039;00492
01058;00488
01080;00482
01100;00468
01122;00458
01152;00438
01166;00440
01171;00453
01174;00456
01173;00454
01166;00448
01162;00439
01165;00423
01153;00411
01137;00390
01112;00380
01092;00384
01080;00387
01073;00397
01069;00399
01068;00407
01062;00409
01045;00418
01042;00436
01037;00470
01029;00501
01026;00503
01030;00490
01038;00473
01044;00464
01045;00463
01046;00467
01052;00479
01056;00486
01061;00482
01065;00483
01069;00495
01068;00524
01067;00550
01069;00571
01080;00567
01093;00567
01102;00558
01109;00543
01124;00529
01140;00515
01162;00496
01183;00470
01197;00448
01205;00430
01215;00426
01216;00419
01224;00407
01227;00403
01216;00405
01205;00406
01183;00405
01165;00395
01147;00388
01131;00380
01108;00376
01088;00387
01066;00400
01050;00417
01045;00421
01036;00429
01036;00452
01038;00490
01043;00535
01051;00583
01061;00620
01070;00641
01080;00643
01087;00619
01087;00601
01085;00584
01082;00572
01081;00556
01083;00530
01080;00503
01076;00492
01071;00482
01066;00490
01065;00519
01071;00543
01081;00562
01092;00562
01099;00552
01102;00533
01107;00506
01108;00486
01109;00465
01112;00447
01109;00430
01103;00414
01097;00403
01089;00394
01079;00396
01072;00409
01075;00420
01090;00418
01108;00411
01127;00392
01142;00370
01156;00350
01163;00336
01171;00335
01177;00339
01183;00347
01180;00351
01164;00350
01146;00358
01129;00373
01120;00389
01112;00405
01113;00412
01109;00405
01104;00388
01099;00373
01095;00367
01095;00377
01090;00390
01080;00415
01078;00444
01080;00471
01076;00503
01073;00533
01076;00559
01077;00573
01082;00583
01093;00571
01116;00540
01141;00496
01153;00447
01166;00399
01176;00348
01181;00317
01184;00301
01184;00290
01181;00279
01177;00275
01170;00280
01161;00283
01164;00290
01158;00307
01159;00326
01165;00329
01171;00312
01177;00290
01178;00275
01176;00275
01174;00276
01190;00274
01183;00272
01172;00262
01158;00255
01147;00256
01136;00266
01120;00283
01110;00298
01099;00300
01081;00310
01043;00326
01030;00334
01025;00344
01027;00346
01022;00353
01021;00362
01030;00377
01040;00381
01050;00380
01063;00382
01077;00390
01092;00401
01103;00412
01110;00424
01120;00424
01133;00410
01143;00378
01150;00353
01163;00343
01180;00330
01189;00329
01219;00320
01244;00301
01256;00281
01259;00268
01261;00263
01263;00265
01269;00269
01275;00261
01269;00257
01263;00239
01231;00231
01206;00241
01208;00239
01222;00237
01217;00246
01217;00262
01214;00263
01200;00268
01195;00260
01205;00256
01204;00264
01193;00263
01177;00277
01155;00292
01153;00285
01140;00271
01123;00267
01116;00278
01109;00298
01097;00322
01099;00326
01100;00321
01092;00324
01091;00324
01089;00342
01092;00349
01097;00360
01093;00355
01091;00342
01086;00330
01081;00338
01077;00355
01079;00361
01076;00384
01075;00406
01078;00429
01080;00441
01084;00461
01081;00487
01082;00506
01091;00516
01103;00532
01106;00547
01103;00544
01097;00528
01086;00530
01079;00540
01073;00548
01071;00560
01068;00577
01056;00589
01042;00581
01037;00578
01035;00576
01036;00590
01042;00605
01051;00624
01066;00635
01085;00622
01096;00605
01103;00590
01110;00577
01122;00562
01138;00556
01151;00538
01164;00505
01167;00468
01158;00438
01146;00431
01139;00421
01139;00408
01139;00400
01132;00391
01122;00378
01113;00361
01100;00347
01091;00329
01091;00314
01089;00296
01080;00288
01071;00280
01068;00269
01084;00253
01106;00234
01116;00235
01116;00238
01116;00250
01113;00266
01110;00282
01114;00286
01115;00282
01113;00284
01100;00293
01093;00305
01094;00315
01100;00331
01107;00350
01115;00355
01119;00360
01119;00373
01125;00398
01131;00420
01129;00447
01120;00465
01123;00452
01137;00434
01143;00412
01142;00410
01142;00408
01141;00407
01138;00408
01138;00410
01136;00400
01131;00392
01124;00403
01111;00413
01111;00412
01108;00396
01098;00390
01086;00381
01080;00360
01074;00340
01076;00324
01079;00310
01073;00306
01060;00308
01042;00324
01033;00340
01034;00341
01039;00344
01048;00352
01067;00353
01072;00362
01065;00372
01063;00366
01067;00360
01074;00355
01079;00365
01083;00371
01083;00389
01070;00418
01050;00453
01045;00475
01050;00482
01052;00499
01051;00516
01047;00520
01046;00514
01045;00514
01051;00493
01063;00457
01072;00413
01073;00383
01070;00378
01071;00378
01085;00369
01097;00373
01108;00365
01118;00363
01118;00374
01111;00400
01107;00438
01109;00466
01114;00478
01122;00461
01115;00454
01107;00442
01093;00446
01080;00443
01075;00444
01074;00446
01069;00443
01063;00447
01058;00454
01053;00492
01059;00523
01075;00554
01093;00562
01117;00572
01129;00587
01136;00597
01143;00601
01149;00603
01155;00633
01160;00660
01157;00687
01151;00704
01150;00724
01147;00731
01150;00720
01157;00700
01163;00683
01165;00658
01158;00608
01143;00545
01127;00492
01110;00444
01092;00420
01072;00411
01056;00413
01038;00425
01022;00448
01013;00478
01009;00512
01014;00552
01026;00578
01035;00597
01037;00607
01036;00611
01034;00616
01034;00600
01036;00569
01034;00544
01036;00526
01032;00503
01020;00493
01013;00491
01010;00486
01008;00482
01007;00474
01004;00488
00996;00511
00993;00529
00993;00532
00994;00526
00992;00516
00985;00505
00978;00504
00973;00513
00971;00525
00967;00527
00962;00532
00959;00542
00952;00548
00945;00572
00948;00600
00956;00625
00959;00632
00960;00629
00956;00628
00954;00625
00956;00611
00956;00595
00956;00595
00960;00592
00960;00580
00955;00575
00957;00570
00961;00566
00970;00557
00977;00559
00981;00568
00988;00573
00998;00557
01002;00535
01003;00516
01003;00496
01001;00496
01001;00497
00997;00496
00991;00498
00988;00503
00983;00506
00973;00523
00965;00545
00961;00573
00962;00597
00964;00611
00963;00641
00966;00671
00972;00680
00978;00680
00986;00683
00995;00700
01003;00713
01012;00723
01018;00734
01025;00740
01034;00720
01046;00701
01045;00704
01042;00705
01035;00711
01027;00700
01021;00683
01016;00659
01011;00639
01008;00623
01005;00621
00994;00624
00994;00626
00998;00640
01008;00652
01018;00660
01027;00673
01039;00690
01043;00700
01040;00708
01035;00717
01033;00722
01032;00711
01029;00689
01025;00658
01021;00643
01014;00648
01003;00658
01002;00677
01009;00687
01016;00702
01026;00721
01037;00746
01046;00773
01051;00807
01061;00829
01072;00821
01082;00805
01092;00796
01103;00793
01112;00786
01122;00770
01126;00750
01133;00734
01126;00724
01118;00730
01110;00757
01103;00795
01096;00819
01089;00846
01082;00856
01073;00872
01068;00870
01062;00865
01069;00854
01077;00846
01086;00837
01093;00830
01100;00827
01107;00810
01111;00807
01115;00805
01119;00826
01124;00854
01130;00876
01135;00873
01141;00858
01156;00830
01170;00811
01179;00809
01186;00817
01196;00820
01208;00828
01221;00823
01220;00825
01216;00835
01209;00859
01195;00897
01183;00947
01176;00972
01174;01008
01169;01055
01164;01065
01161;01076
01168;01080
01176;01092
01185;01105
01194;01110
01203;01092
01212;01074
01219;01029
01227;00979
01235;00962
01242;00942
01251;00928
01260;00896
01255;00845
01248;00794
01242;00756
01237;00732
01234;00718
01229;00698
01222;00677
01215;00674
01205;00663
01197;00656
01203;00653
01201;00649
01189;00630
01175;00613
01162;00602
01149;00595
01137;00574
01125;00554
01113;00541
01102;00548
01091;00572
01090;00590
01098;00611
01107;00633
01117;00654
01126;00674
01130;00708
01134;00726
01137;00743
01140;00746
01141;00722
01142;00697
01141;00675
01137;00653
01120;00637
01103;00624
01093;00621
01085;00617
01072;00621
01060;00634
01048;00670
01038;00715
01029;00761
01021;00815
01025;00851
01029;00880
01030;00886
01032;00897
01029;00904
01027;00915
01025;00931
01019;00933
01012;00942
01008;00932
00999;00928
00988;00933
00976;00948
00967;00979
00965;01002
00959;01006
00953;00986
00950;00974
00948;00963
00945;00959
00943;00969
00946;00974
00948;00975
00950;00971
00950;00963
00950;00962
00949;00969
00947;00970
00944;00968
00939;00965
00937;00934
00930;00908
00919;00873
00908;00829
00900;00788
00892;00749
00882;00724
00874;00696
00864;00661
00855;00627
00844;00604
00834;00570
00826;00546
00815;00521
00803;00496
00789;00467
00777;00426
00763;00386
00750;00353
00741;00327
00732;00307
00720;00280
00703;00248
00683;00219
00662;00192
00644;00161
00627;00136
00609;00122
00591;00101
00574;00073
00553;00041
00536;00022
00525;00012
00518;00006
00513;00002
00511;00002
00510;00002
00508;00002
00507;00002
00505;00002
00504;00002
00505;00005
00508;00016
00509;00021
00512;00025
00515;00028
00517;00029
00519;00029
00520;00028
00523;00028
00526;00031
00526;00026
00523;00015
00522;00010
00520;00006
00517;00003
00513;00002
00511;00002
00509;00002
00507;00002
00505;00000
00503;00000
00503;00000
00503;00000
00504;00000
00504;00000
00504;00000
00503;00000
00502;00000
00503;00000
00503;00000
00502;00002
00501;00002
00501;00002
00501;00002
00501;00002
00502;00002
00503;00002
00503;00002
00502;00002
00502;00002
00503;00000
00505;00000
00504;00000
00504;00000
00504;00000
00505;00000
00505;00000
00507;00000
00508;00000
00508;00000
00507;00000
00507;00000
00508;00000
00508;00000
00507;00000
00507;00001
00506;00011
00505;00011
00504;00011
00505;00011
00504;00011
00503;00011
00503;00011
00503;00011
00503;00011
00503;00010
00503;00000
00504;00000
00505;00000
00505;00000
00505;00000
00506;00000
00506;00000
00507;00000
00508;00000
00510;00000
00510;00000
00510;00000
00510;00000
00509;00000
00510;00000
00510;00000
00510;00000
00510;00000
00510;00000
00509;00000
00509;00000
00509;00000
00509;00000
00508;00000
00508;00000
00508;00000
00508;00000
00508;00000
00508;00000
00507;00000
00507;00000
00508;00000
00508;00000
00508;00001
00508;00001
00508;00001
00508;00001
00508;00001
00507;00001
00507;00001
00507;00001
