050
1.29
PD500-0212
001157 001239 001049
1.11 1.40 1.30
CORE SYZ 3
22.06.2015
12:57:27
010
10000
05014
1
05000
03821
0150
5000
0054
0404
01410
01976
11
1
1
1
1
0
+00,0
089,2
-02,9
006,9
0
0
0
0
0
000
00000
0
0
000
000
00000
0
0
0
000
00000


0
0
0
00000
000
00000
0
000
000
000
00000
00000
000
000
00000
000
000
00000
000
000
00000
0
0
0
00000
00000
000
000
00,0
000
000
000
00000
000
000
0
0
0
00000
000
00000
000
000
0
0
0
00000
00000
00000
00000
00000
00000
0
0
000
00000
000
0
000
00000
000
0
00000
000000




00000-00000: 
00000-00000: 
00000-00000: 
00000-00000: 
00000-00000: 
00000-00000: 
SYZ 3 6TH





00000;00005
00000;00005
00000;00005
00000;00005
00000;00005
00000;00006
00001;00010
00003;00014
00005;00017
00006;00019
00006;00021
00007;00029
00007;00036
00008;00042
00010;00049
00011;00054
00011;00058
00010;00054
00008;00054
00009;00055
00012;00064
00015;00093
00018;00119
00021;00136
00024;00155
00029;00180
00035;00201
00043;00225
00050;00248
00056;00271
00060;00292
00065;00277
00070;00265
00076;00268
00080;00277
00083;00283
00084;00287
00085;00291
00086;00290
00085;00285
00084;00273
00081;00272
00079;00268
00074;00253
00069;00228
00062;00197
00056;00174
00050;00144
00042;00119
00034;00106
00030;00126
00029;00161
00033;00205
00043;00233
00053;00263
00064;00300
00073;00332
00083;00371
00097;00414
00115;00446
00132;00437
00145;00405
00152;00370
00156;00358
00161;00346
00166;00337
00173;00324
00179;00324
00186;00321
00190;00317
00195;00311
00202;00308
00210;00304
00216;00298
00220;00288
00220;00274
00221;00266
00223;00237
00221;00206
00218;00178
00213;00162
00208;00155
00201;00153
00196;00151
00195;00152
00196;00149
00195;00142
00193;00148
00192;00155
00192;00162
00197;00169
00203;00162
00205;00148
00204;00140
00203;00131
00204;00130
00205;00134
00208;00142
00211;00148
00215;00155
00215;00163
00213;00181
00215;00205
00219;00221
00225;00241
00236;00251
00241;00255
00241;00245
00240;00237
00240;00227
00241;00217
00239;00215
00239;00214
00240;00213
00238;00211
00235;00208
00237;00214
00243;00231
00255;00250
00264;00269
00271;00291
00284;00297
00295;00300
00312;00308
00334;00304
00337;00308
00338;00308
00337;00311
00332;00310
00335;00309
00341;00304
00343;00311
00339;00316
00326;00329
00308;00355
00306;00381
00308;00402
00313;00415
00318;00422
00314;00425
00307;00431
00304;00440
00309;00448
00317;00444
00329;00441
00339;00436
00356;00422
00365;00401
00368;00398
00370;00409
00372;00416
00375;00403
00375;00390
00375;00382
00374;00371
00373;00355
00365;00354
00366;00367
00376;00363
00383;00342
00380;00319
00372;00315
00364;00318
00355;00325
00347;00339
00341;00348
00338;00356
00336;00353
00334;00360
00338;00375
00355;00383
00366;00396
00376;00418
00386;00430
00396;00427
00398;00427
00393;00432
00387;00448
00382;00460
00375;00464
00366;00476
00364;00471
00362;00461
00363;00463
00368;00473
00379;00500
00398;00526
00418;00546
00441;00555
00457;00561
00472;00561
00483;00561
00484;00552
00479;00537
00473;00511
00463;00466
00445;00429
00424;00383
00399;00350
00378;00334
00362;00325
00350;00325
00348;00338
00350;00343
00350;00349
00349;00355
00351;00353
00355;00360
00358;00368
00361;00370
00362;00372
00362;00366
00363;00351
00365;00345
00366;00346
00373;00360
00385;00370
00396;00382
00400;00391
00397;00395
00389;00404
00385;00418
00378;00428
00366;00428
00353;00429
00343;00420
00329;00416
00319;00410
00321;00412
00333;00411
00351;00399
00358;00396
00359;00405
00364;00410
00369;00409
00371;00420
00373;00438
00374;00452
00370;00460
00360;00481
00352;00508
00353;00519
00362;00519
00374;00533
00389;00551
00405;00562
00416;00572
00428;00587
00439;00604
00455;00612
00466;00607
00470;00603
00468;00594
00461;00579
00448;00572
00434;00569
00425;00563
00416;00540
00405;00515
00391;00495
00379;00487
00375;00491
00378;00506
00384;00515
00386;00514
00385;00516
00382;00520
00376;00533
00373;00541
00370;00548
00367;00549
00367;00539
00366;00516
00361;00497
00361;00485
00365;00476
00369;00466
00374;00470
00379;00476
00383;00485
00389;00505
00395;00539
00404;00578
00420;00618
00435;00645
00443;00664
00449;00679
00452;00675
00453;00665
00456;00664
00463;00662
00469;00665
00472;00667
00469;00668
00465;00664
00464;00670
00466;00681
00476;00690
00485;00706
00488;00704
00478;00691
00466;00665
00452;00632
00440;00602
00431;00586
00425;00567
00421;00550
00409;00559
00398;00566
00394;00579
00400;00598
00409;00622
00417;00654
00429;00687
00446;00719
00460;00727
00461;00730
00460;00713
00458;00684
00456;00655
00450;00629
00445;00614
00443;00612
00439;00598
00429;00587
00423;00594
00427;00588
00430;00587
00435;00606
00442;00634
00451;00657
00459;00658
00462;00634
00466;00622
00472;00605
00475;00594
00473;00585
00473;00582
00474;00581
00477;00576
00477;00564
00472;00562
00467;00576
00462;00596
00458;00632
00457;00651
00455;00681
00457;00686
00458;00678
00453;00662
00443;00643
00433;00632
00427;00630
00423;00622
00419;00593
00410;00577
00403;00559
00396;00563
00392;00570
00390;00585
00391;00611
00398;00635
00408;00636
00419;00632
00427;00631
00438;00650
00453;00673
00469;00706
00488;00735
00504;00758
00519;00786
00536;00807
00544;00827
00545;00854
00550;00895
00558;00913
00565;00906
00565;00868
00555;00827
00544;00791
00536;00746
00527;00711
00519;00690
00511;00656
00497;00615
00479;00574
00464;00561
00452;00567
00449;00578
00448;00591
00444;00611
00441;00629
00442;00626
00449;00637
00461;00650
00475;00665
00488;00663
00500;00668
00511;00675
00519;00672
00522;00673
00525;00667
00525;00668
00519;00658
00510;00645
00499;00636
00489;00620
00478;00600
00468;00578
00464;00566
00473;00545
00487;00531
00503;00550
00527;00584
00561;00618
00595;00638
00626;00658
00639;00666
00642;00683
00640;00704
00635;00720
00625;00726
00615;00698
00602;00663
00580;00620
00555;00587
00531;00570
00518;00557
00510;00538
00503;00514
00496;00490
00480;00460
00458;00449
00436;00438
00415;00438
00396;00431
00377;00416
00361;00408
00353;00405
00349;00406
00346;00419
00353;00443
00373;00479
00399;00506
00422;00523
00440;00549
00461;00577
00484;00591
00505;00610
00522;00616
00530;00619
00535;00618
00532;00597
00523;00586
00522;00571
00528;00553
00526;00545
00524;00559
00521;00561
00519;00572
00521;00574
00519;00579
00517;00583
00513;00591
00508;00616
00505;00636
00504;00645
00502;00643
00500;00647
00502;00642
00503;00637
00509;00634
00514;00644
00524;00645
00537;00633
00542;00611
00533;00594
00522;00576
00511;00555
00498;00542
00486;00535
00471;00524
00457;00500
00445;00481
00432;00461
00423;00465
00430;00475
00443;00486
00457;00500
00468;00513
00481;00528
00495;00551
00512;00578
00527;00591
00541;00587
00543;00571
00538;00558
00532;00543
00526;00534
00527;00520
00525;00497
00520;00470
00515;00448
00501;00448
00486;00472
00483;00504
00489;00535
00497;00559
00510;00572
00516;00592
00520;00613
00521;00632
00521;00639
00530;00629
00539;00612
00549;00594
00556;00573
00553;00565
00543;00554
00531;00539
00521;00535
00515;00530
00513;00526
00508;00524
00501;00534
00493;00550
00487;00567
00491;00573
00495;00584
00502;00586
00509;00570
00511;00543
00508;00532
00503;00533
00499;00530
00498;00525
00498;00513
00496;00509
00493;00506
00492;00516
00497;00543
00507;00572
00513;00572
00515;00558
00509;00544
00501;00528
00493;00513
00483;00509
00478;00512
00476;00505
00470;00505
00463;00511
00460;00537
00462;00574
00473;00609
00483;00642
00491;00659
00497;00648
00498;00630
00492;00611
00486;00588
00483;00568
00482;00555
00485;00548
00487;00534
00486;00527
00487;00540
00495;00572
00506;00612
00522;00662
00543;00704
00565;00745
00587;00758
00603;00737
00608;00724
00615;00709
00622;00695
00628;00693
00632;00692
00637;00683
00635;00679
00631;00668
00624;00659
00620;00662
00619;00661
00619;00660
00620;00649
00620;00614
00615;00572
00610;00526
00606;00481
00601;00443
00595;00432
00590;00451
00596;00472
00601;00478
00603;00491
00602;00521
00608;00549
00620;00577
00629;00592
00632;00605
00636;00608
00638;00592
00633;00574
00631;00571
00630;00561
00628;00551
00625;00554
00617;00564
00618;00574
00626;00576
00628;00577
00630;00589
00634;00617
00642;00641
00652;00671
00663;00694
00672;00700
00678;00700
00680;00709
00683;00724
00690;00757
00699;00800
00708;00832
00717;00851
00720;00855
00720;00864
00721;00871
00726;00891
00733;00896
00731;00897
00727;00882
00724;00835
00719;00783
00711;00735
00711;00679
00709;00627
00696;00588
00675;00543
00650;00522
00636;00509
00633;00499
00631;00497
00626;00501
00623;00514
00618;00547
00617;00568
00624;00589
00639;00610
00654;00619
00668;00616
00674;00610
00670;00620
00669;00628
00666;00631
00661;00624
00656;00630
00655;00630
00655;00637
00654;00653
00653;00676
00652;00698
00656;00703
00664;00709
00677;00721
00692;00750
00707;00785
00722;00828
00737;00862
00750;00892
00756;00910
00765;00929
00772;00948
00776;00966
00774;00959
00766;00936
00758;00907
00747;00881
00736;00853
00727;00816
00722;00786
00712;00774
00709;00787
00712;00791
00714;00819
00722;00850
00734;00877
00746;00869
00748;00858
00744;00859
00738;00859
00735;00848
00732;00812
00722;00773
00713;00733
00703;00696
00691;00668
00680;00668
00682;00681
00692;00684
00701;00700
00709;00712
00715;00728
00721;00738
00730;00735
00735;00726
00734;00706
00729;00681
00718;00647
00706;00621
00700;00589
00694;00555
00689;00538
00684;00538
00676;00557
00670;00581
00676;00605
00686;00621
00694;00637
00697;00656
00698;00669
00694;00677
00687;00669
00681;00649
00679;00620
00677;00590
00669;00575
00660;00581
00656;00596
00658;00606
00661;00624
00673;00651
00690;00670
00700;00698
00705;00733
00714;00775
00731;00800
00745;00802
00746;00780
00744;00755
00741;00719
00738;00678
00731;00666
00727;00662
00724;00661
00719;00657
00711;00650
00705;00656
00707;00686
00718;00721
00734;00754
00749;00788
00767;00807
00786;00810
00805;00812
00821;00813
00833;00825
00848;00854
00865;00878
00872;00903
00877;00930
00882;00935
00882;00918
00879;00897
00871;00874
00858;00853
00841;00829
00823;00790
00805;00745
00788;00691
00775;00643
00764;00621
00752;00635
00748;00661
00750;00691
00760;00722
00779;00724
00780;00718
00777;00709
00781;00701
00777;00696
00765;00683
00760;00653
00762;00598
00762;00537
00752;00472
00732;00435
00720;00411
00718;00389
00708;00388
00699;00395
00696;00406
00691;00416
00677;00445
00659;00485
00654;00526
00654;00562
00660;00590
00664;00617
00668;00618
00677;00606
00685;00587
00690;00564
00690;00544
00690;00517
00687;00485
00677;00460
00667;00439
00656;00427
00649;00423
00643;00416
00633;00412
00623;00419
00618;00411
00612;00403
00609;00390
00610;00378
00612;00360
00614;00337
00611;00324
00603;00325
00597;00326
00605;00312
00606;00321
00612;00323
00616;00331
00626;00324
00628;00322
00623;00322
00621;00311
00619;00293
00616;00277
00602;00280
00594;00291
00589;00326
00586;00359
00581;00395
00581;00423
00588;00460
00598;00498
00612;00537
00634;00575
00655;00606
00674;00611
00688;00601
00701;00590
00706;00590
00712;00598
00718;00601
00722;00618
00727;00638
00728;00660
00723;00684
00721;00725
00726;00758
00732;00786
00740;00793
00736;00795
00731;00787
00725;00766
00715;00739
00717;00693
00721;00647
00727;00598
00724;00554
00710;00520
00699;00499
00700;00485
00703;00475
00708;00474
00714;00482
00711;00507
00708;00535
00708;00546
00719;00548
00733;00537
00746;00530
00755;00526
00760;00523
00766;00520
00771;00522
00775;00526
00783;00508
00778;00497
00756;00493
00740;00496
00727;00500
00715;00507
00708;00509
00702;00501
00699;00481
00695;00461
00688;00465
00686;00487
00696;00514
00704;00544
00714;00557
00724;00567
00734;00582
00737;00598
00742;00613
00750;00624
00756;00620
00769;00599
00776;00571
00774;00540
00766;00523
00759;00509
00750;00499
00749;00496
00741;00507
00733;00509
00722;00515
00703;00529
00689;00536
00680;00543
00675;00559
00670;00575
00666;00594
00661;00596
00652;00590
00644;00592
00646;00591
00651;00589
00649;00597
00652;00611
00662;00605
00676;00579
00681;00555
00678;00544
00677;00540
00673;00545
00664;00564
00654;00577
00651;00584
00646;00590
00639;00608
00628;00647
00624;00678
00630;00703
00635;00721
00640;00733
00647;00729
00660;00741
00674;00755
00681;00772
00682;00791
00682;00797
00688;00812
00695;00808
00705;00789
00713;00747
00714;00712
00706;00675
00690;00644
00681;00609
00673;00570
00667;00537
00658;00500
00643;00487
00623;00488
00604;00511
00592;00533
00592;00540
00595;00535
00595;00523
00593;00510
00585;00494
00577;00473
00567;00460
00562;00457
00557;00453
00550;00447
00536;00450
00527;00462
00523;00482
00523;00506
00528;00537
00533;00568
00545;00581
00563;00590
00581;00594
00603;00590
00626;00587
00637;00597
00648;00611
00655;00625
00663;00637
00672;00653
00679;00667
00677;00667
00670;00675
00664;00699
00660;00711
00663;00707
00673;00700
00699;00694
00714;00674
00714;00646
00711;00639
00709;00642
00714;00648
00720;00651
00724;00665
00727;00682
00723;00691
00708;00698
00705;00712
00712;00711
00716;00701
00723;00674
00721;00638
00713;00608
00708;00591
00709;00569
00706;00556
00698;00545
00689;00538
00679;00552
00676;00566
00673;00596
00676;00631
00684;00645
00684;00638
00682;00632
00686;00622
00692;00617
00699;00616
00703;00615
00711;00621
00717;00627
00730;00633
00737;00654
00747;00673
00755;00696
00755;00715
00755;00730
00750;00725
00750;00717
00747;00706
00744;00685
00737;00661
00735;00644
00737;00649
00747;00664
00758;00671
00764;00662
00768;00667
00772;00686
00779;00705
00780;00736
00781;00766
00777;00792
00772;00803
00758;00797
00749;00808
00751;00824
00756;00848
00765;00857
00766;00869
00773;00869
00777;00880
00781;00897
00785;00918
00793;00944
00800;00966
00803;01014
00813;01051
00825;01101
00838;01144
00851;01149
00864;01141
00878;01121
00885;01107
00887;01115
00893;01128
00902;01114
00904;01082
00894;01037
00886;00995
00876;00991
00869;01001
00864;01024
00868;01041
00883;01014
00898;00974
00905;00958
00915;00965
00937;00965
00946;00960
00952;00972
00958;00984
00964;00995
00966;01013
00961;01047
00952;01096
00950;01134
00947;01163
00944;01209
00949;01271
00956;01286
00966;01280
00972;01252
00971;01207
00967;01166
00962;01111
00948;01060
00933;01014
00918;00957
00909;00893
00899;00856
00883;00833
00867;00838
00858;00852
00854;00847
00855;00841
00859;00833
00868;00829
00874;00815
00872;00807
00868;00817
00866;00833
00867;00837
00870;00838
00868;00859
00870;00882
00870;00899
00863;00919
00863;00943
00870;00955
00885;00935
00893;00904
00895;00871
00899;00845
00909;00839
00919;00843
00928;00846
00938;00840
00942;00842
00949;00847
00955;00857
00956;00875
00960;00900
00958;00911
00953;00886
00945;00851
00939;00821
00932;00799
00926;00785
00919;00779
00907;00801
00906;00821
00909;00837
00915;00864
00923;00904
00928;00949
00934;01013
00940;01072
00949;01107
00957;01132
00962;01105
00959;01064
00955;01023
00954;00985
00952;00951
00962;00894
00961;00813
00948;00742
00932;00690
00913;00639
00894;00629
00880;00633
00867;00639
00849;00632
00834;00621
00814;00621
00799;00629
00795;00629
00794;00631
00794;00651
00796;00668
00801;00684
00807;00695
00815;00711
00819;00718
00813;00723
00806;00726
00803;00731
00798;00729
00797;00718
00795;00700
00792;00681
00791;00660
00788;00642
00784;00654
00790;00677
00802;00689
00802;00688
00801;00695
00796;00696
00793;00704
00792;00719
00794;00739
00799;00754
00803;00742
00804;00720
00807;00713
00818;00722
00831;00721
00838;00719
00842;00733
00849;00747
00853;00752
00855;00779
00859;00814
00861;00861
00860;00911
00863;00957
00872;01006
00888;01033
00903;01015
00911;00969
00919;00921
00925;00865
00930;00818
00937;00780
00934;00733
00930;00687
00918;00643
00908;00626
00901;00630
00898;00648
00891;00676
00896;00689
00892;00688
00884;00662
00883;00639
00881;00618
00882;00604
00881;00591
00874;00590
00859;00607
00850;00615
00833;00644
00824;00672
00823;00699
00822;00722
00817;00742
00809;00756
00800;00754
00797;00746
00797;00732
00793;00729
00793;00717
00793;00726
00789;00750
00792;00773
00800;00789
00811;00802
00822;00815
00826;00820
00828;00817
00834;00810
00841;00806
00850;00789
00857;00757
00858;00718
00851;00683
00841;00653
00830;00634
00824;00638
00823;00644
00824;00647
00821;00655
00813;00663
00807;00676
00803;00701
00805;00735
00816;00758
00829;00777
00850;00769
00875;00731
00884;00690
00886;00642
00882;00604
00876;00585
00872;00565
00864;00547
00853;00527
00842;00507
00826;00492
00804;00505
00799;00533
00793;00563
00794;00574
00795;00569
00797;00565
00802;00553
00809;00556
00816;00560
00822;00594
00826;00635
00829;00664
00840;00692
00853;00731
00867;00764
00874;00782
00875;00795
00871;00799
00866;00812
00862;00814
00862;00792
00856;00774
00849;00760
00845;00760
00844;00776
00852;00796
00864;00804
00877;00813
00886;00821
00893;00821
00893;00845
00897;00877
00899;00896
00900;00883
00899;00857
00896;00852
00899;00858
00902;00871
00911;00875
00917;00895
00924;00922
00935;00936
00946;00958
00955;01001
00970;01047
00989;01058
00991;01078
00994;01088
00990;01099
00989;01086
00993;01052
00990;01010
00985;00955
00979;00904
00968;00869
00953;00857
00957;00849
00958;00846
00966;00852
00978;00871
00993;00868
00995;00871
00996;00892
01004;00895
01009;00875
01006;00854
01003;00828
01001;00804
00998;00778
01002;00745
00986;00746
00982;00757
00985;00772
00980;00780
00972;00806
00974;00821
00972;00833
00969;00834
00962;00823
00946;00820
00943;00807
00943;00776
00940;00734
00935;00731
00936;00726
00936;00725
00938;00735
00944;00747
00959;00760
00969;00764
00970;00768
00967;00795
00967;00820
00973;00819
00977;00803
00979;00791
00984;00775
00984;00776
00979;00790
00980;00824
00990;00842
01003;00838
01010;00846
01013;00857
01017;00880
01016;00909
01012;00941
01005;00954
00996;00964
00992;00953
00986;00942
00979;00935
00979;00921
00988;00906
00995;00887
00996;00857
00996;00829
01007;00801
01020;00760
01026;00718
01025;00702
01020;00700
01013;00690
00997;00683
00984;00665
00986;00655
00988;00631
00999;00609
00998;00600
00987;00609
00982;00610
00984;00606
00983;00614
00984;00628
00982;00659
00977;00691
00973;00733
00953;00768
00945;00807
00951;00822
00965;00815
00986;00799
01011;00768
01023;00738
01029;00710
01029;00685
01025;00667
01020;00653
01016;00629
01010;00614
01001;00626
00981;00658
00964;00691
00963;00706
00968;00701
00975;00695
00986;00682
01003;00675
01021;00678
01032;00692
01040;00701
01053;00706
01064;00723
01077;00740
01096;00759
01112;00774
01120;00785
01118;00790
01112;00793
01112;00791
01112;00778
01115;00750
01132;00694
01121;00660
01100;00646
01090;00630
01082;00618
01073;00610
01071;00607
01071;00595
01065;00595
01049;00608
01019;00639
01012;00657
01006;00653
00994;00651
00989;00638
00992;00623
00991;00608
00983;00606
00977;00599
00973;00588
00969;00588
00966;00593
00962;00610
00958;00629
00957;00649
00957;00663
00958;00663
00961;00657
00965;00655
00974;00649
00988;00632
00994;00625
00996;00621
01002;00619
01007;00620
01004;00621
00997;00637
00995;00646
00991;00660
00986;00676
00981;00690
00988;00687
00993;00665
00987;00641
00979;00622
00973;00608
00973;00595
00976;00593
00983;00578
00982;00576
00969;00583
00950;00593
00942;00617
00944;00645
00952;00660
00966;00663
00970;00655
00968;00646
00964;00639
00966;00623
00978;00610
00998;00613
01019;00615
01033;00605
01038;00613
01034;00632
01032;00649
01033;00672
01035;00711
01039;00749
01043;00781
01042;00783
01043;00768
01035;00764
01029;00758
01034;00757
01045;00770
01057;00786
01064;00795
01067;00797
01069;00794
01066;00796
01058;00820
01070;00826
01073;00830
01065;00830
01056;00830
01047;00820
01037;00802
01031;00799
01026;00800
01022;00824
01017;00844
01006;00883
01005;00915
01009;00948
01015;00974
01031;00977
01047;00967
01054;00940
01054;00911
01051;00860
01052;00800
01052;00735
01050;00674
01045;00618
01039;00571
01028;00544
01036;00536
01043;00546
01047;00562
01048;00584
01044;00615
01041;00658
01040;00706
01041;00760
01046;00803
01049;00835
01033;00844
01027;00827
01024;00813
01024;00817
01024;00831
01022;00841
01024;00853
01030;00846
01029;00843
01024;00853
01026;00874
01031;00896
01035;00915
01032;00918
01032;00903
01040;00878
01043;00851
01039;00842
01044;00842
01047;00846
01045;00854
01044;00875
01056;00891
01076;00888
01090;00886
01096;00897
01099;00913
01106;00914
01110;00897
01111;00878
01114;00852
01112;00810
01104;00764
01089;00750
01076;00755
01072;00757
01068;00755
01060;00748
01046;00744
01038;00740
01032;00743
01029;00765
01027;00793
01029;00808
01028;00800
01022;00777
01021;00755
01027;00734
01028;00719
01026;00708
01016;00708
01006;00712
00999;00720
00999;00727
01005;00742
01006;00769
01003;00796
00999;00830
01008;00859
01017;00892
01026;00901
01033;00904
01040;00899
01048;00901
01045;00906
01043;00919
01044;00936
01042;00955
01036;00965
01032;00968
01029;00991
01026;01018
01018;01045
01008;01063
01007;01072
01015;01064
01021;01073
01032;01066
01039;01072
01043;01067
01045;01055
01043;01049
01047;01053
01052;01054
01054;01072
01052;01111
01053;01127
01055;01125
01067;01110
01074;01108
01086;01075
01103;01031
01119;00975
01131;00928
01139;00891
01144;00846
01146;00799
01140;00774
01127;00758
01120;00738
01111;00760
01104;00788
01090;00823
01078;00845
01069;00837
01060;00812
01050;00800
01046;00795
01044;00802
01050;00799
01058;00787
01059;00776
01059;00762
01056;00769
01057;00788
01062;00813
01066;00824
01069;00831
01074;00813
01065;00806
01054;00782
01049;00762
01049;00742
01051;00718
01053;00704
01052;00696
01051;00696
01049;00695
01041;00709
01042;00729
01043;00768
01041;00807
01037;00850
01032;00880
01028;00886
01024;00883
01027;00898
01030;00895
01030;00897
01030;00909
01034;00913
01051;00906
01063;00898
01071;00888
01083;00883
01093;00881
01101;00850
01112;00830
01126;00809
01139;00775
01148;00741
01140;00715
01132;00690
01129;00686
01117;00705
01108;00723
01099;00747
01088;00778
01090;00796
01097;00802
01102;00807
01110;00813
01113;00811
01121;00792
01128;00755
01130;00716
01133;00688
01135;00664
01132;00661
01120;00670
01119;00675
01128;00670
01145;00664
01155;00657
01166;00645
01187;00638
01207;00632
01221;00630
01219;00618
01223;00609
01215;00588
01194;00576
01175;00570
01159;00575
01140;00595
01116;00615
01087;00624
01062;00634
01056;00642
01037;00642
01024;00668
01014;00704
01000;00733
00991;00751
00998;00739
01007;00711
01010;00689
01010;00659
01001;00640
01005;00626
01013;00609
01025;00580
01045;00547
01053;00513
01045;00508
01035;00511
01036;00510
01036;00511
01034;00512
01029;00512
01025;00496
01017;00488
01003;00489
00999;00495
00996;00498
00988;00512
00973;00530
00966;00548
00964;00558
00966;00567
00971;00586
00973;00608
00973;00636
00974;00663
00976;00671
00980;00673
00987;00676
00993;00680
00997;00690
00999;00698
00994;00700
00988;00696
00980;00685
00970;00683
00964;00697
00960;00711
00960;00715
00956;00718
00951;00716
00946;00724
00948;00719
00952;00720
00956;00716
00957;00712
00962;00714
00965;00720
00966;00732
00966;00746
00967;00763
00966;00768
00960;00784
00959;00789
00959;00800
00961;00798
00959;00782
00954;00762
00952;00738
00954;00719
00954;00701
00953;00686
00953;00686
00950;00688
00947;00693
00948;00706
00951;00725
00964;00738
00975;00752
00979;00756
00981;00752
00985;00746
00984;00724
00982;00702
00981;00676
00978;00651
00978;00637
00973;00635
00964;00640
00959;00645
00956;00652
00954;00662
00955;00674
00961;00688
00966;00698
00969;00710
00964;00702
00962;00689
00963;00672
00967;00655
00969;00652
00971;00648
00968;00655
00965;00671
00966;00685
00967;00700
00972;00728
00983;00751
00991;00773
00995;00797
00995;00804
00996;00808
01001;00790
01007;00757
01010;00727
01014;00700
01012;00683
01005;00678
01002;00668
01001;00653
01005;00630
01006;00609
01008;00600
01006;00602
01001;00605
00994;00607
00991;00591
00988;00564
00986;00541
00992;00516
00996;00508
00998;00500
00998;00506
00993;00511
00994;00513
01003;00513
01009;00526
01009;00535
01005;00550
00996;00566
00989;00582
00986;00605
00987;00603
00991;00600
00994;00597
00989;00590
00987;00587
00987;00599
00990;00611
00989;00622
00992;00624
00994;00621
00994;00626
00999;00639
00999;00661
01002;00688
01005;00691
01007;00682
01011;00670
01016;00666
01016;00671
01014;00680
01014;00702
01012;00729
01016;00736
01025;00729
01031;00736
01031;00746
01032;00751
01030;00758
01030;00766
01032;00771
01030;00754
01026;00734
01020;00720
01012;00711
01010;00711
01020;00714
01029;00718
01036;00720
01044;00717
01050;00718
01054;00734
01058;00747
01061;00771
01065;00802
01064;00812
01059;00816
01055;00812
01051;00806
01045;00811
01041;00819
01040;00834
01039;00847
01038;00858
01036;00869
01036;00891
01035;00914
01033;00953
01036;00989
01044;01010
01054;01004
01058;00977
01058;00945
01058;00905
01056;00872
01056;00857
01056;00848
01060;00838
01062;00830
01062;00829
01062;00851
01065;00881
01070;00922
01076;00962
01084;00987
01093;00968
01103;00936
01115;00891
01123;00858
01126;00833
01127;00813
01137;00800
01142;00787
01151;00775
01160;00762
01160;00774
01161;00794
01161;00826
01162;00853
01169;00868
01172;00884
01170;00889
01180;00875
01183;00849
01183;00841
01182;00859
01181;00883
01177;00906
01173;00927
01176;00953
01181;00972
01185;00999
01186;01034
01189;01076
01192;01101
01197;01077
01204;01038
01204;00995
01203;00965
01195;00931
01195;00903
01195;00873
01195;00847
01190;00832
01186;00820
01185;00833
01176;00852
01176;00875
01177;00894
01184;00917
01184;00938
01185;00936
01185;00922
01194;00896
01204;00866
01212;00846
01225;00839
01241;00840
01247;00825
01248;00818
01249;00805
01250;00810
01245;00838
01238;00884
01231;00973
01228;01008
01224;01028
01223;01035
01227;01079
01229;01106
01234;01114
01242;01138
01255;01132
01262;01113
01267;01067
01273;01066
01272;01067
01266;01076
01263;01054
01266;01043
01265;01032
01252;00989
01239;00965
01239;00939
01240;00905
01236;00886
01233;00881
01233;00870
01235;00849
01240;00817
01250;00792
01269;00789
01276;00793
01269;00818
01264;00848
01261;00841
01259;00824
01255;00812
01255;00812
01249;00819
01233;00831
01219;00836
01220;00823
01233;00784
01240;00740
01244;00709
01242;00692
01236;00673
01223;00646
01207;00628
01195;00608
01181;00595
01166;00599
01152;00604
01147;00604
01145;00621
01153;00625
01159;00629
01166;00633
01169;00643
01178;00647
01186;00639
01188;00634
01179;00644
01167;00657
01150;00645
01129;00627
01119;00605
01109;00586
01108;00555
01106;00541
01098;00545
01092;00547
01086;00550
01082;00566
01080;00592
01081;00626
01075;00652
01068;00675
01063;00685
01057;00692
01053;00695
01049;00693
01044;00682
01041;00663
01041;00671
01043;00683
01049;00700
01056;00718
01058;00746
01053;00770
01054;00785
01058;00807
01063;00832
01075;00852
01084;00845
01087;00820
01091;00793
01092;00761
01090;00738
01094;00723
01097;00717
01098;00714
01098;00707
01091;00708
01084;00706
01081;00714
01074;00725
01068;00742
01065;00749
01061;00757
01057;00758
01056;00746
01064;00726
01081;00688
01090;00670
01088;00660
01087;00657
01089;00656
01089;00661
01091;00661
01093;00659
01092;00666
01083;00692
01065;00733
01054;00751
01055;00748
01058;00739
01063;00730
01074;00730
01079;00736
01082;00752
01086;00768
01090;00775
01095;00771
01093;00774
01090;00794
01088;00817
01085;00839
01080;00857
01079;00865
01082;00865
01082;00869
01083;00861
01085;00847
01091;00853
01095;00863
01099;00861
01101;00856
01103;00846
01107;00834
01114;00813
01125;00783
01126;00773
01127;00770
01127;00751
01126;00722
01127;00699
01126;00681
01125;00663
01123;00655
01122;00659
01115;00677
01118;00681
01120;00700
01136;00696
01151;00693
01158;00694
01168;00698
01175;00705
01179;00697
01176;00702
01179;00694
01180;00674
01176;00650
01162;00674
01154;00706
01151;00733
01143;00757
01137;00779
01135;00811
01138;00828
01141;00839
01142;00867
01145;00891
01149;00885
01149;00870
01156;00859
01166;00842
01178;00827
01184;00809
01183;00801
01177;00812
01174;00839
01177;00897
01183;00926
01186;00958
01183;00989
01178;01039
01176;01079
01178;01109
01185;01124
01196;01115
01205;01083
01210;01021
01215;01014
01223;01015
01232;01014
01243;00995
01255;00981
01263;00975
01270;00984
01285;01007
01297;01036
01304;01046
01304;01026
01297;00981
01289;00937
01280;00895
01267;00866
01255;00845
01245;00816
01226;00796
01215;00762
01210;00741
01202;00733
01197;00746
01193;00759
01190;00777
01188;00773
01185;00769
01183;00762
01180;00736
01170;00728
01156;00729
01159;00738
01165;00753
01169;00773
01173;00787
01172;00809
01174;00830
01182;00853
01194;00883
01204;00901
01211;00910
01205;00898
01201;00870
01201;00847
01197;00828
01200;00820
01208;00812
01214;00800
01212;00783
01207;00773
01206;00777
01222;00786
01235;00791
01238;00790
01237;00783
01239;00772
01237;00755
01228;00748
01229;00725
01243;00693
01253;00659
01248;00651
01247;00662
01252;00674
01258;00690
01257;00697
01253;00712
01253;00721
01253;00745
01245;00775
01232;00800
01225;00799
01213;00772
01200;00752
01191;00731
01183;00723
01179;00720
01179;00734
01178;00756
01176;00773
01180;00794
01182;00817
01187;00857
01196;00896
01204;00946
01212;00980
01224;00976
01232;00946
01229;00917
01228;00896
01228;00875
01231;00880
01230;00890
01229;00888
01230;00873
01228;00862
01219;00883
01213;00920
01218;00949
01217;00974
01213;00980
01203;00963
01194;00926
01187;00894
01182;00859
01181;00838
01179;00828
01173;00830
01163;00832
01157;00838
01155;00874
01159;00912
01168;00955
01173;00989
01179;01016
01178;01023
01181;01003
01188;00970
01190;00933
01190;00894
01189;00843
01184;00814
01176;00796
01171;00783
01169;00777
01169;00774
01166;00787
01160;00796
01154;00820
01157;00840
01165;00859
01170;00854
01175;00835
01177;00820
01174;00806
01175;00806
01178;00806
01177;00807
01180;00804
01176;00813
01173;00827
01170;00843
01171;00870
01168;00893
01167;00931
01165;00955
01170;00973
01183;00972
01189;00952
01190;00930
01187;00898
01185;00875
01178;00858
01174;00841
01168;00821
01164;00811
01158;00799
01144;00812
01139;00855
01143;00894
01151;00930
01162;00953
01180;00953
01205;00943
01226;00914
01236;00895
01241;00882
01245;00871
01250;00855
01250;00844
01248;00840
01248;00839
01245;00849
01232;00870
01231;00887
01240;00889
01246;00900
01253;00898
01254;00885
01254;00866
01256;00840
01264;00813
01262;00808
01257;00809
01249;00826
01241;00844
01236;00858
01238;00872
01255;00887
01260;00901
01259;00932
01250;00960
01251;00961
01260;00945
01270;00911
01269;00898
01264;00893
01258;00899
01239;00898
01230;00905
01230;00914
01233;00915
01231;00931
01230;00954
01226;00980
01227;00985
01229;00985
01228;00973
01226;00975
01227;00957
01228;00919
01224;00911
01219;00912
01211;00915
01203;00943
01204;00963
01212;00966
01216;00955
01218;00947
01217;00952
01209;00954
01205;00946
01206;00914
01208;00885
01211;00852
01212;00832
01208;00821
01203;00844
01203;00860
01208;00872
01218;00900
01230;00913
01238;00947
01243;00986
01252;01012
01263;01029
01270;01046
01276;01050
01280;01038
01283;01030
01287;01014
01285;01023
01284;01035
01289;01024
01280;01012
01265;01013
01256;01010
01250;01001
01244;01004
01238;01011
01236;01022
01230;01012
01224;00969
01213;00938
01209;00911
01205;00902
01213;00894
01216;00878
01211;00872
01205;00879
01195;00893
01190;00905
01186;00947
01186;01008
01187;01093
01191;01139
01186;01171
01186;01215
01192;01239
01199;01241
01205;01227
01210;01212
01212;01191
01214;01146
01215;01080
01212;01034
01207;01000
01203;00964
01201;00958
01198;00959
01192;00977
01186;01000
01188;01004
01188;01009
01192;00998
01190;00996
01185;00993
01179;00996
01172;00990
01170;00995
01171;00981
01173;00969
01173;00978
01172;01007
01169;01045
01174;01068
01181;01113
01195;01155
01208;01160
01219;01161
01234;01177
01256;01174
01270;01162
01276;01135
01276;01118
01269;01111
01270;01093
01270;01060
01271;01053
01267;01051
01259;01046
01247;01057
01247;01053
01253;01042
01260;01026
01273;01001
01279;00986
01281;00982
01283;00982
01291;00980
01298;00976
01296;00968
01290;00975
01279;00998
01276;01020
01277;01034
01283;01030
01280;01013
01273;00989
01267;00958
01257;00931
01257;00919
01261;00925
01267;00935
01268;00949
01262;00976
01262;01010
01271;01049
01284;01097
01296;01146
01313;01160
01325;01155
01333;01131
01338;01097
01342;01064
01347;01038
01346;01028
01347;01035
01350;01014
01349;01002
01344;01022
01341;01044
01339;01065
01346;01087
01350;01103
01356;01117
01361;01120
01365;01124
01367;01137
01372;01128
01378;01111
01379;01109
01377;01118
01375;01132
01375;01138
01369;01126
01364;01104
01354;01074
01344;01076
01337;01101
01329;01127
01327;01134
01327;01120
01329;01086
01330;01058
01336;01055
01346;01072
01361;01071
01366;01043
01361;01008
01355;00973
01347;00938
01336;00937
01325;00951
01322;00965
01312;00958
01299;00953
01283;00969
01279;00979
01285;00975
01290;00983
01296;01014
01307;01050
01318;01087
01326;01124
01343;01153
01361;01150
01372;01141
01383;01157
01387;01162
01387;01163
01390;01152
01392;01101
01398;01031
01398;00960
01391;00913
01384;00890
01386;00867
01386;00840
01388;00844
01397;00849
01405;00853
01404;00876
01401;00922
01415;00944
01420;00962
01424;00964
01428;00966
01431;00956
01436;00930
01440;00898
01450;00877
01462;00877
01469;00873
01460;00890
01460;00904
01464;00926
01470;00940
01478;00962
01494;00957
01491;00957
01483;00953
01480;00925
01476;00889
01473;00872
01466;00851
01453;00838
01437;00821
01424;00811
01397;00841
01385;00879
01382;00898
01376;00934
01365;00981
01357;01004
01353;01042
01354;01083
01351;01122
01351;01141
01360;01146
01371;01144
01371;01150
01373;01179
01385;01204
01399;01240
01429;01233
01455;01188
01469;01151
01469;01133
01462;01127
01457;01118
01456;01112
01462;01060
01469;00993
01472;00916
01453;00868
01430;00851
01412;00845
01409;00835
01407;00820
01401;00808
01394;00804
01381;00818
01359;00850
01342;00891
01335;00940
01326;00982
01326;01022
01323;01036
01317;01054
01313;01066
01310;01073
01303;01107
01302;01154
01302;01194
01303;01214
01312;01230
01322;01258
01337;01291
01350;01317
01358;01341
01368;01354
01380;01316
01391;01271
01405;01228
01427;01183
01435;01147
01433;01105
01428;01091
01426;01096
01430;01112
01436;01132
01451;01158
01456;01161
01454;01172
01442;01196
01436;01217
01436;01243
01438;01232
01445;01191
01456;01138
01458;01086
01448;01070
01444;01074
01437;01079
01433;01079
01431;01067
01426;01042
01422;01060
01423;01071
01415;01083
01414;01084
01407;01057
01405;01025
01405;00986
01405;00958
01406;00962
01412;00960
01419;00938
01421;00945
01424;00955
01421;00981
01422;01004
01419;01034
01419;01065
01426;01085
01430;01081
01428;01091
01429;01076
01419;01053
01412;01024
01414;00992
01424;00970
01429;00951
01430;00928
01425;00901
01420;00886
01416;00870
01408;00883
01408;00897
01408;00921
01402;00934
01393;00934
01387;00923
01384;00921
01385;00935
01386;00961
01389;00976
01389;00998
01392;01022
01395;01027
01400;01027
01395;01039
01389;01057
01379;01067
01369;01065
01359;01042
01350;01019
01339;00985
01328;00950
01315;00922
01312;00902
01316;00904
01318;00901
01321;00894
01324;00880
01323;00870
01320;00873
01322;00883
01323;00901
01326;00913
01319;00924
01307;00897
01297;00872
01291;00849
01283;00837
01275;00839
01271;00837
01265;00848
01264;00854
01258;00871
01253;00896
01252;00934
01256;00974
01265;01003
01277;01045
01291;01059
01297;01077
01303;01068
01309;01047
01318;01016
01333;00980
01341;00962
01345;00948
01340;00946
01337;00923
01334;00908
01338;00908
01342;00922
01341;00940
01334;00971
01325;01004
01322;01007
01320;00990
01319;00979
01317;00978
01315;00996
01315;00994
01317;00997
01318;00991
01314;00985
01309;00972
01304;00988
01303;01013
01303;01044
01303;01081
01304;01115
01305;01158
01311;01153
01317;01139
01321;01125
01325;01123
01331;01124
01334;01136
01337;01146
01340;01134
01335;01117
01329;01084
01314;01088
01300;01121
01299;01150
01299;01171
01301;01147
01308;01095
01318;01032
01317;00987
01317;00958
01315;00930
01317;00911
01319;00902
01318;00907
01317;00923
01317;00978
01316;01057
01310;01145
01319;01224
01332;01285
01343;01339
01355;01357
01368;01346
01377;01314
01381;01271
01378;01236
01371;01195
01363;01150
01348;01112
01337;01072
01331;01032
01318;01022
01305;01029
01301;01052
01305;01073
01307;01053
01309;01035
01312;01012
01318;00998
01323;00994
01321;00994
01327;01006
01337;00997
01334;00977
01326;00968
01324;00985
01323;01002
01319;01015
01314;01030
01308;01046
01310;01051
01316;01016
01311;00989
01308;00965
01303;00949
01301;00960
01299;00972
01300;00993
01302;00994
01306;00975
01303;00970
01298;00991
01300;01021
01309;01060
01328;01064
01329;01019
01322;00981
01315;00944
01311;00915
01305;00906
01301;00902
01295;00917
01290;00924
01289;00933
01283;00962
01287;01017
01302;01060
01310;01090
01314;01143
01321;01183
01330;01212
01337;01207
01342;01210
01341;01191
01336;01179
01332;01182
01327;01202
01333;01231
01346;01225
01351;01210
01349;01202
01349;01226
01350;01238
01353;01272
01360;01296
01373;01263
01376;01216
01374;01165
01371;01126
01368;01108
01369;01085
01363;01062
01357;01062
01351;01063
01348;01078
01342;01123
01346;01158
01352;01200
01351;01246
01353;01278
01360;01306
01370;01301
01376;01284
01382;01271
01390;01255
01406;01244
01416;01206
01411;01166
01409;01110
01401;01057
01390;01012
01378;00995
01369;00983
01356;00966
01341;00945
01317;00897
01302;00880
01297;00863
01293;00865
01296;00889
01306;00898
01316;00893
01320;00887
01316;00876
01311;00858
01308;00870
01298;00894
01290;00924
01289;00939
01284;00947
01280;00953
01284;00932
01287;00904
01294;00874
01297;00853
01299;00848
01303;00840
01306;00823
01302;00821
01301;00812
01298;00812
01284;00849
01275;00897
01274;00952
01281;01002
01293;01013
01314;01017
01338;01014
01348;01019
01357;01036
01363;01062
01373;01086
01380;01106
01385;01127
01388;01155
01384;01198
01375;01241
01380;01275
01386;01281
01383;01283
01377;01269
01367;01244
01362;01217
01358;01164
01352;01110
01346;01090
01345;01082
01341;01069
01346;01047
01359;01005
01362;00979
01362;00970
01363;00952
01359;00960
01353;00960
01346;00910
01334;00850
01314;00809
01294;00796
01272;00807
01264;00811
01263;00820
01261;00835
01264;00852
01270;00871
01282;00909
01297;00962
01310;01016
01323;01059
01341;01080
01357;01095
01375;01097
01390;01091
01399;01066
01404;01044
01402;01036
01394;01015
01386;00991
01382;00963
01384;00930
01372;00901
01352;00874
01334;00855
01320;00856
01308;00855
01297;00827
01294;00796
01292;00774
01287;00767
01275;00790
01282;00816
01294;00844
01310;00875
01331;00882
01348;00894
01373;00907
01382;00918
01381;00939
01382;00966
01377;00971
01368;00973
01362;00956
01351;00930
01332;00920
01315;00907
01293;00935
01285;00979
01288;01008
01288;01023
01288;01048
01288;01075
01292;01124
01302;01178
01313;01238
01326;01310
01336;01318
01348;01322
01363;01328
01386;01346
01411;01360
01426;01369
01438;01390
01456;01410
01472;01395
01479;01360
01483;01357
01480;01341
01472;01336
01463;01313
01455;01294
01455;01278
01457;01233
01455;01171
01450;01132
01451;01094
01459;01084
01470;01084
01478;01063
01477;01056
01471;01040
01467;01019
01467;00997
01457;00980
01444;00982
01434;00989
01425;00962
01422;00928
01426;00904
01436;00876
01457;00866
01482;00869
01507;00900
01540;00948
01590;00992
01652;01050
01732;01124
01818;01187
01890;01225
01935;01230
01948;01217
01958;01188
01970;01138
01976;01081
01965;01014
01939;00931
01894;00857
01831;00805
01774;00774
01737;00774
01736;00778
01744;00787
01743;00783
01719;00777
01710;00776
01703;00764
01683;00731
01684;00682
01691;00626
01687;00568
01668;00515
01634;00477
01593;00466
01576;00442
01559;00428
01535;00432
01517;00437
01476;00457
01420;00489
01376;00517
01341;00538
01316;00544
01296;00544
01274;00556
01254;00550
01235;00541
01220;00553
01213;00567
01213;00578
01222;00585
01234;00578
01240;00575
01243;00577
01245;00572
01239;00577
01235;00577
01234;00560
01231;00529
01221;00496
01211;00473
01199;00477
01196;00490
01193;00501
01193;00523
01192;00536
01190;00542
01195;00531
01196;00525
01198;00530
01195;00538
01184;00525
01165;00509
01150;00487
01136;00459
01126;00445
01120;00437
01107;00458
01099;00476
01090;00489
01085;00491
01087;00501
01089;00507
01084;00513
01079;00533
01081;00552
01082;00567
01083;00566
01090;00560
01103;00551
01115;00544
01123;00546
01132;00549
01145;00562
01159;00576
01182;00561
01203;00545
01213;00532
01215;00530
01211;00534
01204;00546
01197;00558
01192;00564
01190;00569
01190;00558
01177;00569
01166;00586
01174;00609
01184;00625
01194;00631
01204;00636
01215;00628
01222;00621
01221;00608
01216;00593
01209;00571
01202;00553
01187;00528
01169;00492
01154;00465
01147;00435
01139;00404
01127;00383
01120;00369
01119;00367
01115;00369
01107;00379
01101;00390
01100;00420
01100;00454
01095;00488
01092;00533
01105;00566
01118;00576
01129;00569
01150;00558
01168;00532
01178;00518
01187;00498
01194;00476
01199;00466
01202;00448
01202;00418
01205;00400
01197;00406
01181;00425
01170;00436
01163;00439
01159;00443
01156;00439
01156;00417
01151;00402
01143;00409
01140;00423
01140;00423
01132;00418
01123;00428
01117;00432
01110;00439
01102;00454
01091;00481
01088;00499
01085;00497
01071;00491
01062;00490
01068;00487
01082;00475
01092;00476
01096;00479
01095;00470
01092;00464
01087;00464
01083;00471
01078;00484
01073;00497
01066;00517
01058;00541
01051;00554
01052;00551
01059;00548
01066;00538
01072;00530
01077;00523
01091;00511
01102;00507
01106;00506
01105;00509
01107;00516
01112;00549
01118;00595
01129;00653
01144;00689
01160;00722
01162;00757
01169;00765
01175;00757
01182;00744
01185;00735
01184;00713
01175;00682
01160;00640
01147;00613
01130;00588
01120;00563
01109;00553
01110;00550
01109;00555
01108;00550
01109;00540
01115;00538
01126;00526
01139;00521
01150;00515
01155;00515
01163;00524
01161;00546
01164;00555
01169;00561
01174;00581
01177;00593
01179;00596
01171;00591
01163;00598
01158;00597
01152;00579
01149;00553
01146;00543
01144;00553
01143;00562
01142;00585
01143;00625
01148;00657
01157;00673
01165;00703
01178;00754
01192;00800
01204;00812
01204;00804
01203;00780
01205;00743
01204;00703
01203;00695
01202;00699
01205;00685
01205;00668
01203;00658
01202;00680
01212;00701
01226;00729
01236;00744
01246;00747
01250;00720
01253;00696
01257;00670
01253;00642
01249;00611
01245;00576
01241;00566
01234;00564
01226;00572
01221;00571
01212;00579
01209;00596
01207;00623
01205;00646
01199;00651
01184;00650
01172;00636
01163;00608
01157;00582
01150;00583
01154;00595
01151;00604
01144;00611
01144;00608
01146;00619
01154;00637
01163;00636
01169;00642
01169;00655
01164;00676
01160;00682
01160;00675
01167;00651
01176;00633
01185;00614
01192;00599
01187;00607
01179;00608
01175;00603
01172;00591
01170;00578
01168;00558
01154;00563
01135;00579
01122;00595
01109;00592
01101;00581
01098;00576
01100;00575
01101;00566
01101;00564
01100;00574
01103;00578
01108;00572
01112;00575
01122;00599
01138;00629
01156;00665
01167;00683
01174;00711
01182;00736
01194;00757
01208;00754
01210;00739
01206;00713
01201;00686
01190;00662
01173;00631
01160;00626
01154;00623
01151;00611
01154;00592
01145;00599
01144;00626
01147;00649
01147;00666
01147;00670
01151;00664
01159;00654
01168;00638
01178;00640
01175;00634
01177;00619
01177;00611
01181;00623
01186;00627
01191;00624
01188;00634
01184;00651
01177;00665
01167;00675
01162;00717
01164;00763
01175;00768
01177;00750
01175;00736
01174;00735
01174;00738
01174;00733
01172;00725
01168;00713
01161;00692
01157;00672
01151;00677
01153;00673
01161;00670
01172;00662
01185;00640
01190;00620
01194;00599
01200;00601
01207;00603
01213;00606
01221;00608
01224;00611
01219;00615
01208;00616
01193;00626
01188;00643
01185;00661
01181;00652
01173;00653
01169;00640
01160;00624
01153;00628
01160;00638
01173;00649
01183;00651
01189;00651
01193;00657
01195;00650
01194;00627
01187;00620
01181;00625
01181;00611
01164;00595
01142;00590
01131;00582
01123;00568
01117;00545
01111;00546
01111;00553
01116;00560
01123;00559
01124;00584
01141;00604
01155;00604
01163;00613
01168;00630
01171;00645
01180;00649
01188;00639
01188;00625
01184;00611
01176;00582
01161;00561
01151;00563
01146;00567
01142;00576
01144;00588
01144;00595
01141;00615
01143;00640
01149;00664
01158;00701
01170;00728
01180;00742
01190;00744
01196;00722
01193;00698
01187;00692
01184;00691
01181;00683
01177;00683
01173;00689
01167;00702
01166;00710
01161;00720
01159;00732
01161;00749
01164;00753
01162;00751
01156;00752
01150;00738
01145;00708
01139;00683
01130;00673
01125;00677
01122;00694
01121;00720
01122;00735
01131;00741
01143;00748
01156;00778
01168;00797
01176;00796
01178;00780
01179;00758
01180;00732
01184;00698
01185;00681
01181;00669
01176;00661
01172;00649
01170;00664
01173;00686
01185;00731
01202;00779
01220;00820
01228;00832
01230;00831
01232;00842
01234;00854
01237;00837
01235;00805
01231;00786
01226;00767
01214;00757
01201;00754
01195;00763
01196;00772
01202;00770
01205;00757
01199;00759
01193;00755
01184;00756
01177;00736
01172;00695
01165;00653
01158;00628
01153;00624
01145;00634
01142;00653
01149;00675
01157;00703
01166;00708
01174;00716
01178;00736
01182;00760
01191;00772
01196;00779
01200;00774
01202;00762
01201;00745
01202;00733
01207;00726
01208;00731
01215;00741
01219;00747
01221;00757
01228;00750
01231;00746
01231;00746
01230;00754
01225;00761
01219;00774
01214;00773
01205;00753
01197;00729
01190;00716
01181;00722
01176;00736
01177;00751
01180;00759
01188;00771
01201;00772
01218;00778
01236;00801
01255;00839
01265;00876
01272;00914
01283;00932
01291;00941
01296;00937
01301;00922
01296;00920
01288;00924
01281;00919
01268;00898
01257;00867
01246;00829
01236;00806
01228;00788
01225;00787
01214;00791
01208;00795
01202;00790
01193;00776
01191;00759
01197;00743
01200;00729
01201;00725
01201;00727
01203;00721
01206;00704
01199;00676
01190;00654
01187;00650
01183;00656
01173;00656
01167;00660
01161;00663
01156;00673
01153;00666
01151;00658
01154;00662
01162;00673
01168;00675
01171;00680
01177;00703
01189;00702
01190;00679
01183;00647
01172;00648
01163;00657
01158;00667
01152;00671
01146;00661
01141;00640
01134;00617
01122;00614
01121;00635
01127;00652
01133;00663
01135;00674
01136;00671
01138;00667
01145;00686
01152;00710
01155;00716
01159;00725
01163;00727
01165;00727
01166;00712
01172;00699
01181;00696
01185;00699
01184;00704
01184;00722
01189;00752
01193;00779
01200;00790
01207;00786
01208;00796
01205;00807
01198;00823
01195;00824
01192;00801
01189;00757
01180;00722
01171;00707
01165;00702
01156;00710
01153;00728
01152;00750
01156;00756
01160;00777
01165;00818
01176;00862
01188;00886
01194;00884
01195;00894
01202;00900
01211;00887
01219;00863
01220;00843
01220;00813
01221;00806
01225;00806
01233;00804
01237;00792
01235;00764
01227;00750
01217;00745
01212;00740
01206;00741
01198;00739
01191;00698
01176;00655
01159;00627
01147;00614
01142;00613
01140;00609
01139;00611
01134;00616
01132;00628
01136;00647
01140;00667
01140;00682
01139;00689
01139;00702
01142;00699
01144;00686
01143;00661
01142;00640
01142;00613
01142;00590
01140;00595
01145;00613
01157;00621
01160;00611
01154;00606
01148;00609
01141;00618
01136;00624
01129;00634
01122;00639
01118;00611
01110;00573
01098;00561
