018
1.29
PD500-0212
001157 001239 001049
1.11 1.40 1.30
CORE SYZ 1 2ND
19.06.2015
12:29:29
010
10000
05014
1
05000
05000
0150
5000
0079
0603
01305
01958
1
1
1
1
1
0
+00,0
090,4
+06,5
006,9
0
0
0
0
0
000
00000
0
0
000
000
00000
0
0
0
000
00000


0
0
0
00000
000
00000
0
000
000
000
00000
00000
000
000
00000
000
000
00000
000
000
00000
0
0
0
00000
00000
000
000
00,0
000
000
000
00000
000
000
0
0
0
00000
000
00000
000
000
0
0
0
00000
00000
00000
00000
00000
00000
0
0
000
00000
000
0
000
00000
000
0
00000
000000




00000-00000: 
00000-00000: 
00000-00000: 
00000-00000: 
00000-00000: 
00000-00000: 
SYZ





00015;00025
00018;00037
00022;00066
00032;00119
00048;00190
00070;00265
00092;00322
00117;00365
00140;00400
00155;00450
00175;00506
00197;00533
00217;00548
00228;00536
00234;00504
00235;00454
00233;00411
00228;00367
00222;00319
00214;00268
00205;00220
00193;00184
00181;00149
00176;00119
00171;00090
00166;00078
00165;00078
00162;00095
00161;00116
00163;00145
00169;00153
00172;00164
00178;00167
00183;00168
00184;00181
00183;00195
00185;00193
00185;00181
00174;00161
00158;00132
00140;00121
00124;00115
00106;00114
00087;00102
00070;00081
00053;00060
00034;00050
00017;00045
00010;00044
00009;00058
00009;00082
00011;00098
00013;00111
00012;00131
00013;00150
00017;00159
00016;00179
00017;00209
00020;00248
00024;00270
00028;00258
00029;00248
00030;00239
00034;00238
00037;00242
00039;00267
00044;00281
00049;00283
00051;00266
00052;00257
00055;00260
00054;00264
00053;00287
00053;00313
00053;00327
00053;00331
00054;00329
00055;00315
00059;00311
00063;00311
00061;00326
00065;00347
00071;00350
00075;00343
00075;00358
00076;00397
00083;00448
00097;00487
00110;00522
00121;00539
00137;00525
00150;00493
00160;00464
00171;00449
00183;00432
00196;00397
00204;00358
00203;00357
00203;00370
00210;00379
00214;00414
00221;00480
00234;00556
00247;00629
00265;00681
00282;00710
00295;00716
00304;00702
00312;00685
00318;00688
00328;00692
00337;00696
00347;00687
00360;00658
00365;00634
00363;00625
00362;00638
00366;00666
00371;00683
00372;00685
00370;00670
00368;00629
00360;00591
00353;00572
00351;00563
00356;00574
00359;00584
00361;00608
00367;00634
00377;00667
00388;00721
00402;00811
00420;00921
00440;01019
00459;01116
00478;01182
00499;01226
00524;01226
00547;01219
00569;01193
00578;01183
00580;01162
00579;01111
00575;01062
00573;01007
00580;00952
00585;00913
00583;00887
00576;00873
00565;00859
00566;00806
00560;00726
00552;00659
00544;00599
00536;00538
00520;00503
00502;00506
00491;00491
00482;00474
00472;00483
00465;00520
00469;00582
00479;00648
00497;00700
00515;00717
00528;00728
00546;00706
00567;00677
00576;00638
00564;00594
00553;00563
00547;00526
00537;00490
00518;00456
00493;00452
00475;00436
00456;00424
00440;00453
00441;00502
00467;00533
00489;00528
00508;00502
00528;00468
00549;00434
00565;00403
00578;00382
00596;00354
00604;00320
00583;00281
00559;00265
00542;00258
00528;00259
00515;00259
00505;00270
00496;00266
00486;00251
00457;00260
00428;00255
00423;00245
00421;00222
00414;00225
00410;00251
00406;00269
00400;00278
00406;00305
00417;00330
00439;00321
00455;00321
00470;00325
00488;00335
00502;00319
00516;00270
00531;00223
00537;00183
00520;00145
00508;00128
00501;00126
00506;00125
00507;00115
00483;00109
00456;00108
00426;00118
00393;00144
00367;00173
00354;00193
00341;00196
00326;00207
00306;00213
00294;00239
00303;00253
00320;00278
00340;00327
00358;00380
00382;00406
00407;00432
00431;00463
00452;00480
00467;00505
00482;00522
00495;00550
00501;00575
00507;00555
00513;00510
00517;00493
00520;00483
00521;00499
00525;00523
00529;00540
00526;00560
00530;00586
00542;00588
00551;00614
00562;00637
00556;00657
00538;00670
00522;00655
00509;00624
00506;00582
00514;00539
00517;00483
00509;00451
00491;00431
00469;00424
00460;00408
00465;00406
00472;00413
00478;00431
00477;00457
00471;00492
00464;00535
00463;00557
00474;00547
00489;00535
00505;00534
00523;00517
00537;00498
00547;00485
00548;00487
00547;00477
00550;00449
00551;00419
00548;00405
00530;00407
00512;00418
00493;00420
00472;00419
00458;00425
00454;00420
00455;00394
00452;00373
00448;00371
00449;00381
00462;00370
00478;00348
00494;00342
00507;00344
00516;00334
00523;00329
00531;00347
00539;00371
00545;00376
00546;00366
00540;00359
00531;00351
00520;00338
00514;00341
00509;00347
00502;00365
00496;00368
00492;00371
00489;00387
00494;00408
00506;00435
00515;00464
00519;00511
00522;00516
00523;00507
00518;00483
00514;00468
00517;00453
00523;00429
00525;00420
00525;00427
00531;00425
00544;00411
00554;00422
00559;00455
00574;00481
00588;00513
00597;00536
00603;00554
00612;00551
00621;00512
00619;00481
00606;00450
00598;00435
00597;00415
00588;00405
00579;00395
00571;00393
00564;00417
00562;00449
00556;00500
00559;00566
00581;00631
00602;00654
00614;00689
00633;00694
00655;00679
00681;00653
00699;00608
00707;00589
00717;00574
00723;00528
00714;00484
00701;00454
00690;00405
00669;00384
00641;00393
00614;00415
00593;00427
00576;00416
00563;00387
00555;00381
00556;00370
00563;00380
00584;00385
00605;00396
00607;00396
00599;00401
00593;00420
00588;00449
00589;00494
00589;00537
00589;00589
00589;00621
00577;00647
00572;00650
00588;00648
00606;00628
00620;00601
00633;00587
00640;00579
00645;00565
00644;00542
00638;00518
00643;00504
00644;00507
00641;00514
00637;00534
00639;00547
00635;00529
00612;00490
00587;00453
00563;00413
00546;00386
00525;00371
00506;00378
00494;00378
00482;00376
00467;00399
00455;00433
00465;00493
00483;00552
00506;00620
00528;00682
00552;00721
00574;00732
00590;00730
00601;00725
00611;00707
00613;00714
00614;00705
00609;00685
00598;00640
00585;00598
00572;00579
00565;00580
00565;00611
00571;00628
00576;00652
00594;00647
00611;00619
00629;00601
00647;00587
00666;00574
00689;00562
00700;00554
00706;00514
00700;00481
00683;00460
00667;00449
00652;00456
00637;00454
00620;00466
00601;00467
00578;00465
00563;00455
00552;00448
00550;00440
00562;00416
00569;00410
00578;00410
00586;00411
00599;00408
00610;00398
00614;00368
00602;00343
00587;00351
00573;00374
00560;00391
00552;00376
00541;00338
00530;00306
00519;00277
00512;00274
00510;00296
00523;00311
00540;00319
00556;00327
00574;00347
00592;00368
00607;00407
00622;00458
00639;00522
00651;00563
00662;00591
00670;00601
00663;00599
00658;00588
00655;00554
00650;00538
00643;00543
00636;00544
00630;00525
00626;00503
00622;00486
00618;00493
00632;00509
00648;00526
00660;00553
00669;00565
00671;00543
00678;00510
00685;00482
00692;00470
00691;00467
00682;00468
00670;00462
00654;00449
00635;00445
00622;00434
00617;00418
00610;00394
00594;00387
00577;00376
00563;00354
00551;00317
00539;00287
00534;00262
00533;00229
00527;00211
00521;00228
00515;00254
00519;00263
00528;00274
00542;00287
00563;00299
00585;00290
00580;00280
00565;00284
00556;00281
00549;00259
00542;00240
00533;00223
00517;00203
00499;00195
00485;00215
00470;00259
00481;00300
00500;00340
00517;00360
00524;00391
00528;00426
00533;00472
00543;00516
00558;00536
00575;00524
00587;00510
00600;00487
00605;00438
00588;00422
00577;00422
00570;00413
00564;00390
00555;00376
00544;00369
00530;00363
00517;00352
00502;00364
00494;00397
00508;00408
00523;00379
00530;00345
00534;00324
00536;00304
00538;00285
00532;00276
00523;00275
00512;00272
00504;00268
00496;00260
00489;00266
00484;00278
00478;00292
00476;00303
00477;00305
00491;00305
00512;00290
00521;00252
00517;00217
00511;00198
00508;00204
00509;00215
00514;00225
00517;00231
00519;00239
00508;00233
00484;00241
00474;00273
00473;00300
00474;00330
00476;00334
00481;00323
00486;00297
00492;00260
00478;00247
00465;00253
00459;00248
00451;00239
00444;00239
00435;00235
00422;00246
00409;00273
00394;00311
00378;00363
00384;00394
00395;00427
00408;00451
00423;00461
00436;00460
00449;00465
00464;00483
00476;00515
00496;00556
00525;00578
00547;00562
00552;00534
00551;00521
00552;00519
00551;00515
00551;00494
00550;00455
00549;00387
00537;00306
00515;00244
00494;00229
00485;00229
00482;00240
00480;00244
00481;00249
00482;00261
00478;00277
00479;00301
00484;00330
00485;00342
00481;00345
00482;00337
00481;00324
00475;00309
00470;00290
00471;00264
00473;00257
00473;00260
00475;00248
00480;00253
00491;00259
00502;00263
00506;00270
00510;00294
00514;00324
00517;00348
00519;00347
00518;00331
00518;00321
00527;00301
00532;00274
00523;00263
00510;00251
00498;00235
00486;00224
00471;00222
00457;00221
00448;00227
00439;00241
00421;00264
00401;00295
00399;00312
00412;00325
00426;00324
00442;00311
00461;00297
00479;00302
00493;00310
00504;00314
00516;00321
00535;00322
00555;00318
00572;00280
00571;00252
00557;00237
00538;00228
00521;00211
00509;00180
00499;00151
00489;00117
00475;00091
00459;00093
00446;00132
00453;00161
00474;00190
00501;00202
00510;00198
00512;00198
00512;00203
00515;00209
00521;00210
00522;00190
00520;00171
00516;00153
00514;00129
00510;00117
00522;00126
00539;00148
00570;00146
00590;00146
00595;00158
00604;00168
00613;00171
00624;00183
00632;00203
00647;00220
00662;00218
00664;00203
00649;00201
00638;00196
00638;00191
00643;00203
00640;00223
00633;00247
00624;00261
00607;00281
00589;00304
00587;00325
00591;00335
00595;00328
00576;00312
00548;00297
00525;00287
00506;00259
00489;00226
00485;00187
00482;00153
00481;00122
00463;00113
00445;00121
00453;00116
00462;00102
00471;00088
00477;00092
00479;00093
00468;00103
00462;00111
00452;00116
00450;00112
00451;00111
00454;00116
00459;00120
00465;00120
00476;00114
00485;00117
00491;00116
00489;00106
00492;00098
00499;00093
00499;00091
00497;00098
00497;00102
00497;00107
00494;00106
00496;00105
00498;00100
00504;00115
00507;00161
00514;00206
00529;00249
00545;00279
00559;00298
00572;00308
00589;00330
00624;00344
00642;00361
00646;00366
00647;00345
00646;00314
00642;00285
00637;00262
00631;00257
00630;00252
00625;00243
00598;00251
00589;00266
00596;00275
00604;00273
00622;00271
00641;00263
00638;00261
00629;00247
00613;00242
00596;00230
00577;00198
00555;00159
00536;00133
00517;00136
00481;00151
00449;00173
00443;00198
00448;00224
00463;00235
00478;00250
00498;00270
00516;00286
00527;00294
00543;00289
00564;00265
00575;00238
00583;00219
00593;00218
00598;00234
00609;00250
00625;00274
00645;00311
00659;00346
00667;00357
00684;00380
00705;00408
00700;00438
00690;00442
00681;00440
00667;00437
00652;00418
00641;00386
00630;00364
00621;00387
00604;00412
00592;00431
00612;00413
00626;00383
00623;00348
00612;00317
00598;00302
00581;00286
00580;00257
00586;00205
00595;00151
00591;00098
00566;00063
00539;00050
00523;00042
00519;00034
00522;00027
00525;00018
00512;00015
00486;00016
00456;00025
00430;00032
00420;00040
00416;00051
00420;00073
00421;00087
00419;00092
00417;00100
00419;00116
00428;00148
00443;00162
00468;00161
00487;00167
00503;00168
00516;00152
00530;00142
00543;00135
00554;00131
00565;00128
00579;00108
00592;00088
00598;00081
00609;00068
00629;00055
00647;00047
00650;00044
00644;00056
00641;00079
00638;00108
00634;00136
00631;00178
00628;00227
00622;00282
00610;00331
00600;00382
00607;00419
00624;00430
00650;00411
00693;00368
00710;00325
00701;00281
00687;00237
00676;00190
00661;00148
00646;00100
00626;00066
00604;00056
00576;00063
00524;00091
00490;00127
00477;00146
00469;00160
00462;00173
00460;00192
00457;00229
00461;00262
00475;00276
00497;00265
00508;00237
00512;00201
00516;00186
00518;00167
00517;00145
00512;00119
00507;00077
00500;00040
00484;00015
00457;00010
00444;00015
00442;00036
00446;00058
00456;00087
00477;00106
00501;00124
00530;00140
00565;00149
00594;00163
00614;00185
00642;00206
00679;00196
00708;00171
00713;00142
00706;00122
00694;00105
00674;00096
00641;00100
00615;00111
00597;00119
00575;00114
00549;00108
00531;00111
00550;00111
00589;00111
00613;00111
00626;00103
00634;00083
00635;00057
00634;00027
00626;00007
00607;00003
00576;00000
00531;00015
00463;00033
00412;00034
00380;00039
00361;00042
00349;00042
00336;00048
00325;00054
00318;00063
00319;00072
00324;00067
00333;00059
00347;00067
00360;00091
00373;00120
00386;00153
00411;00150
00439;00144
00468;00135
00492;00125
00501;00117
00513;00106
00525;00099
00528;00069
00528;00037
00532;00004
00530;00002
00531;00002
00520;00002
00507;00002
00509;00000
00514;00000
00509;00000
00508;00000
00512;00002
00509;00002
00501;00006
00486;00011
00481;00016
00484;00016
00486;00016
00489;00016
00490;00016
00491;00019
00489;00024
00488;00036
00488;00051
00492;00060
00497;00063
00494;00066
00489;00080
00478;00099
00476;00123
00478;00151
00479;00167
00479;00169
00501;00155
00529;00139
00544;00133
00560;00129
00572;00122
00586;00118
00594;00112
00602;00103
00618;00101
00637;00099
00632;00110
00612;00130
00605;00148
00604;00172
00608;00181
00625;00170
00642;00158
00652;00149
00658;00131
00674;00118
00692;00104
00695;00085
00689;00066
00677;00048
00668;00041
00645;00055
00648;00048
00676;00035
00669;00031
00649;00031
00630;00031
00630;00031
00638;00031
00651;00026
00654;00017
00656;00000
00637;00000
00591;00000
00576;00000
00566;00000
00554;00000
00547;00000
00540;00000
00525;00000
00519;00000
00515;00000
00516;00000
00523;00000
00523;00008
00519;00015
00520;00022
00522;00025
00519;00030
00522;00033
00524;00043
00524;00060
00519;00081
00509;00092
00509;00098
00508;00106
00506;00107
00501;00111
00504;00118
00511;00139
00521;00162
00535;00179
00553;00190
00571;00205
00588;00221
00607;00224
00620;00238
00622;00249
00621;00261
00620;00257
00619;00228
00617;00205
00611;00185
00605;00194
00600;00207
00593;00231
00588;00260
00592;00287
00610;00294
00632;00299
00642;00319
00651;00326
00655;00325
00660;00300
00661;00277
00664;00253
00673;00219
00686;00188
00690;00168
00678;00158
00670;00154
00658;00174
00653;00186
00650;00192
00645;00207
00641;00226
00636;00244
00624;00268
00610;00303
00610;00335
00624;00337
00644;00300
00654;00278
00653;00267
00655;00237
00655;00207
00653;00201
00654;00207
00661;00212
00676;00207
00687;00219
00703;00246
00730;00266
00747;00294
00772;00326
00792;00336
00801;00326
00812;00301
00817;00269
00808;00261
00790;00265
00761;00289
00732;00313
00730;00318
00718;00334
00720;00363
00737;00376
00741;00400
00748;00422
00760;00412
00776;00380
00790;00334
00796;00294
00799;00260
00810;00210
00800;00179
00779;00165
00763;00144
00748;00127
00731;00125
00707;00139
00687;00158
00670;00184
00651;00223
00631;00260
00640;00255
00646;00240
00644;00217
00634;00194
00626;00186
00619;00189
00615;00191
00615;00183
00610;00174
00603;00169
00591;00189
00588;00209
00595;00232
00610;00260
00625;00261
00639;00244
00657;00219
00677;00201
00702;00182
00729;00185
00755;00195
00791;00200
00826;00194
00840;00187
00846;00185
00849;00196
00862;00195
00872;00190
00866;00175
00853;00138
00849;00096
00849;00069
00838;00051
00845;00031
00841;00018
00840;00000
00827;00003
00797;00017
00777;00034
00759;00052
00731;00070
00683;00085
00651;00094
00617;00108
00595;00122
00575;00130
00563;00133
00565;00125
00571;00121
00579;00139
00583;00160
00589;00179
00596;00201
00614;00198
00629;00198
00643;00198
00647;00198
00641;00203
00635;00195
00630;00161
00627;00129
00621;00095
00611;00065
00594;00054
00584;00056
00576;00082
00577;00111
00586;00145
00601;00172
00617;00187
00626;00190
00635;00189
00639;00189
00652;00188
00658;00175
00658;00147
00678;00111
00688;00067
00682;00034
00664;00033
00652;00042
00640;00066
00631;00094
00617;00114
00610;00125
00609;00118
00581;00123
00554;00129
00538;00130
00528;00118
00521;00102
00524;00078
00535;00050
00539;00033
00531;00028
00519;00053
00514;00082
00520;00103
00529;00138
00542;00185
00561;00226
00573;00257
00575;00279
00587;00301
00608;00316
00631;00298
00645;00265
00650;00241
00655;00214
00662;00180
00664;00160
00668;00157
00676;00148
00676;00130
00685;00117
00682;00123
00686;00125
00685;00125
00679;00138
00674;00152
00668;00150
00653;00133
00635;00132
00622;00136
00604;00139
00598;00160
00594;00186
00604;00204
00613;00210
00619;00215
00629;00223
00653;00231
00678;00244
00706;00247
00730;00234
00744;00201
00744;00174
00734;00154
00728;00126
00721;00097
00713;00091
00693;00100
00673;00090
00656;00087
00667;00093
00675;00098
00698;00095
00721;00095
00737;00095
00755;00089
00761;00064
00771;00036
00791;00021
00794;00010
00762;00005
00736;00000
00708;00002
00681;00008
00662;00017
00639;00023
00628;00029
00612;00034
00591;00045
00591;00049
00601;00049
00607;00049
00612;00047
00617;00041
00621;00032
00627;00031
00635;00037
00644;00046
00650;00051
00647;00058
00645;00076
00649;00094
00681;00101
00715;00103
00726;00114
00732;00118
00734;00126
00738;00124
00737;00116
00730;00110
00722;00104
00710;00123
00677;00153
00654;00182
00654;00208
00654;00235
00655;00247
00658;00259
00657;00286
00661;00317
00670;00332
00680;00320
00688;00305
00699;00297
00715;00275
00725;00264
00734;00262
00742;00284
00757;00298
00771;00300
00786;00306
00813;00305
00830;00302
00836;00301
00832;00309
00834;00319
00835;00327
00834;00312
00836;00291
00847;00267
00853;00233
00835;00223
00824;00220
00829;00211
00826;00202
00819;00189
00813;00177
00809;00174
00804;00184
00791;00207
00786;00227
00802;00223
00822;00205
00822;00193
00834;00180
00839;00162
00838;00157
00841;00171
00843;00174
00842;00163
00837;00170
00832;00177
00831;00181
00834;00181
00836;00181
00856;00177
00895;00156
00918;00113
00929;00073
00931;00049
00923;00021
00907;00014
00883;00020
00863;00030
00843;00050
00820;00069
00786;00083
00763;00103
00751;00131
00757;00148
00763;00164
00771;00179
00780;00181
00785;00186
00791;00190
00796;00221
00799;00257
00807;00289
00818;00306
00823;00305
00819;00310
00815;00311
00808;00326
00805;00331
00802;00341
00800;00323
00799;00306
00793;00277
00788;00243
00792;00229
00820;00208
00837;00195
00843;00176
00840;00167
00837;00155
00833;00151
00828;00144
00827;00145
00827;00143
00813;00141
00791;00141
00777;00129
00776;00120
00779;00110
00781;00087
00785;00066
00785;00044
00783;00033
00777;00043
00775;00061
00771;00086
00766;00106
00758;00132
00755;00170
00756;00216
00755;00249
00760;00299
00767;00322
00776;00316
00771;00303
00771;00297
00777;00319
00786;00328
00798;00311
00807;00293
00818;00277
00820;00231
00810;00208
00800;00218
00806;00236
00811;00244
00810;00222
00805;00209
00796;00215
00788;00213
00778;00229
00773;00261
00780;00305
00787;00338
00792;00374
00797;00417
00805;00457
00817;00507
00833;00569
00844;00635
00856;00709
00865;00744
00870;00753
00876;00765
00885;00759
00890;00743
00898;00768
00907;00785
00914;00787
00923;00790
00935;00775
00958;00799
00990;00847
01033;00891
01084;00922
01132;00931
01175;00878
01188;00808
01194;00726
01200;00640
01199;00553
01186;00472
01158;00393
01120;00311
01067;00258
01015;00247
00959;00267
00935;00307
00929;00348
00914;00383
00905;00433
00903;00477
00910;00500
00921;00511
00931;00505
00936;00490
00939;00498
00947;00484
00955;00472
00962;00465
00964;00442
00961;00420
00970;00385
00961;00378
00949;00386
00946;00387
00944;00359
00926;00330
00903;00317
00889;00311
00884;00308
00882;00299
00864;00310
00855;00307
00850;00312
00847;00320
00853;00313
00875;00310
00879;00297
00870;00285
00859;00273
00849;00258
00839;00247
00835;00229
00831;00199
00819;00176
00804;00189
00776;00217
00768;00249
00767;00271
00764;00284
00760;00305
00766;00310
00769;00323
00769;00336
00768;00349
00767;00339
00766;00308
00770;00268
00789;00228
00809;00196
00819;00175
00820;00161
00820;00148
00829;00140
00839;00127
00837;00120
00836;00129
00828;00146
00805;00155
00779;00168
00762;00175
00744;00183
00725;00178
00702;00173
00684;00168
00677;00175
00667;00182
00657;00192
00649;00219
00651;00240
00657;00247
00665;00266
00675;00305
00685;00343
00696;00368
00706;00364
00711;00351
00721;00336
00733;00311
00747;00293
00771;00281
00799;00262
00809;00242
00818;00236
00822;00255
00829;00286
00835;00322
00839;00371
00848;00397
00842;00434
00820;00477
00795;00513
00790;00527
00783;00519
00778;00500
00780;00505
00785;00519
00787;00515
00779;00531
00780;00533
00782;00536
00791;00536
00793;00540
00790;00549
00786;00562
00774;00544
00762;00506
00759;00468
00770;00443
00774;00401
00762;00358
00742;00341
00734;00333
00733;00332
00734;00333
00739;00346
00750;00375
00754;00425
00749;00475
00763;00519
00791;00540
00808;00548
00816;00542
00821;00528
00828;00504
00828;00494
00824;00497
00826;00485
00836;00448
00835;00420
00827;00418
00827;00417
00835;00428
00845;00424
00843;00430
00843;00417
00844;00384
00843;00355
00831;00352
00826;00370
00843;00370
00869;00350
00874;00323
00864;00321
00870;00299
00873;00277
00867;00275
00860;00275
00856;00265
00840;00241
00809;00231
00783;00230
00778;00213
00789;00191
00786;00190
00781;00206
00783;00211
00781;00223
00776;00244
00777;00264
00782;00281
00777;00302
00767;00348
00759;00390
00771;00400
00785;00376
00792;00347
00789;00302
00788;00267
00791;00246
00791;00235
00792;00217
00798;00197
00797;00190
00781;00209
00769;00246
00765;00276
00782;00294
00792;00292
00796;00271
00789;00255
00778;00255
00765;00246
00761;00227
00759;00207
00762;00205
00763;00227
00757;00263
00754;00307
00754;00349
00774;00358
00794;00351
00804;00361
00806;00371
00806;00390
00802;00387
00808;00350
00818;00303
00818;00263
00816;00240
00807;00262
00802;00296
00806;00326
00817;00361
00833;00373
00847;00375
00850;00388
00841;00410
00844;00420
00847;00427
00848;00413
00845;00395
00844;00361
00841;00327
00839;00312
00836;00335
00838;00374
00852;00408
00860;00416
00868;00406
00876;00402
00881;00412
00882;00446
00881;00468
00877;00489
00872;00475
00867;00437
00857;00415
00853;00414
00849;00424
00853;00442
00867;00432
00877;00412
00887;00407
00894;00407
00899;00417
00908;00451
00914;00488
00922;00522
00933;00543
00943;00545
00950;00557
00959;00547
00962;00530
00965;00526
00973;00557
00979;00578
00982;00580
00986;00636
00993;00667
01008;00670
01011;00684
01005;00742
01008;00803
01021;00817
01030;00770
01033;00707
01046;00673
01053;00583
01046;00535
01029;00545
01017;00558
01027;00536
01040;00493
01044;00458
01038;00457
01031;00481
01015;00487
01005;00503
00999;00520
00999;00512
01000;00488
01000;00450
00990;00429
00974;00427
00967;00432
00967;00439
00969;00447
00977;00443
00988;00419
00991;00392
00989;00374
00975;00395
00963;00415
00961;00430
00958;00435
00953;00409
00951;00373
00943;00353
00949;00352
00948;00370
00945;00384
00949;00404
00961;00425
00977;00434
00997;00419
01007;00438
01015;00462
01026;00480
01015;00507
01017;00528
01027;00555
01030;00544
01024;00541
01021;00556
01015;00597
01017;00646
01012;00705
01012;00774
01021;00814
01033;00848
01044;00878
01059;00904
01075;00906
01078;00906
01082;00891
01091;00849
01103;00793
01115;00729
01118;00684
01124;00638
01126;00568
01133;00513
01132;00473
01132;00422
01121;00378
01107;00344
01096;00326
01078;00306
01056;00287
01029;00275
01009;00290
00992;00284
00980;00276
00971;00273
00966;00279
00964;00300
00958;00316
00954;00340
00957;00357
00960;00362
00958;00373
00953;00408
00948;00425
00942;00451
00938;00464
00934;00450
00930;00421
00926;00395
00922;00382
00924;00382
00923;00369
00923;00381
00924;00405
00931;00436
00941;00448
00951;00456
00958;00477
00968;00505
00989;00534
01009;00534
01014;00530
01011;00503
01004;00490
01006;00465
01011;00478
01022;00519
01038;00532
01049;00537
01038;00533
01024;00555
01023;00588
01028;00626
01035;00660
01036;00693
01031;00710
01031;00685
01027;00659
01016;00630
01009;00602
01007;00592
01007;00576
01007;00577
01009;00579
01015;00581
01021;00575
01011;00621
01005;00693
01017;00762
01032;00808
01038;00805
01038;00805
01047;00768
01054;00706
01056;00642
01061;00592
01067;00537
01065;00492
01056;00443
01049;00396
01053;00370
01067;00347
01064;00352
01051;00370
01038;00399
01024;00417
01016;00404
01010;00383
01007;00367
01001;00377
00998;00387
01002;00378
01010;00382
01023;00388
01039;00371
01042;00369
01040;00393
01039;00422
01039;00464
01038;00490
01030;00516
01010;00552
00999;00544
00991;00534
00984;00533
00988;00534
01004;00540
01021;00531
01035;00516
01042;00500
01045;00481
01048;00473
01046;00497
01041;00529
01035;00568
01032;00591
01020;00580
01010;00578
01006;00570
01014;00569
01019;00571
01023;00556
01034;00547
01041;00527
01043;00507
01042;00500
01044;00507
01041;00519
01037;00535
01031;00551
01033;00576
01051;00570
01065;00546
01088;00519
01096;00480
01095;00441
01088;00420
01082;00390
01078;00356
01075;00321
01067;00284
01044;00279
01013;00287
00977;00307
00959;00331
00955;00339
00956;00322
00956;00301
00951;00279
00943;00273
00937;00274
00930;00274
00929;00281
00936;00294
00942;00313
00943;00347
00945;00392
00952;00437
00954;00489
00954;00536
00958;00591
00970;00636
00983;00642
00992;00634
00998;00614
01002;00603
01005;00605
01006;00592
01020;00551
01028;00507
01027;00453
01019;00427
01004;00429
00992;00438
00977;00464
00968;00473
00960;00447
00956;00436
00948;00479
00949;00509
00959;00534
00974;00540
00992;00524
01003;00506
01010;00489
01010;00468
01010;00473
01022;00464
01027;00422
01021;00385
01004;00348
00982;00329
00961;00320
00945;00303
00941;00279
00943;00263
00940;00258
00922;00273
00907;00287
00900;00298
00899;00315
00900;00329
00901;00353
00901;00396
00902;00454
00898;00500
00899;00498
00905;00485
00911;00485
00917;00489
00925;00497
00934;00508
00942;00525
00952;00545
00959;00526
00971;00510
00982;00538
00989;00561
00998;00583
01002;00614
01007;00634
01012;00641
01014;00617
01025;00566
01032;00534
01034;00513
01036;00505
01036;00519
01035;00530
01037;00526
01038;00535
01037;00543
01036;00571
01032;00597
01032;00631
01026;00669
01022;00654
01019;00621
01013;00580
01013;00586
01010;00566
01005;00541
01000;00538
00992;00557
00980;00569
00978;00581
00975;00634
00971;00689
00971;00752
00968;00764
00973;00789
00977;00821
00982;00816
00987;00796
00994;00767
00998;00727
00995;00699
00994;00689
00989;00663
00988;00635
00979;00614
00975;00589
00969;00578
00959;00586
00953;00611
00951;00637
00963;00616
00966;00569
00969;00540
00970;00545
00974;00545
00979;00553
00985;00578
00996;00589
01009;00599
01009;00587
00997;00605
00997;00649
00997;00685
00996;00692
00994;00714
00989;00712
00981;00690
00969;00666
00955;00632
00954;00623
00959;00639
00958;00641
00956;00639
00952;00644
00950;00628
00949;00633
00950;00647
00953;00668
00955;00691
00954;00716
00953;00693
00964;00645
00972;00599
00975;00556
00975;00534
00978;00506
00978;00494
00974;00491
00969;00505
00961;00519
00952;00551
00935;00608
00925;00682
00926;00750
00932;00789
00933;00796
00933;00770
00937;00727
00942;00660
00940;00596
00934;00564
00931;00528
00928;00474
00923;00422
00918;00379
00912;00353
00902;00352
00887;00375
00872;00408
00863;00434
00858;00427
00851;00420
00844;00418
00839;00429
00832;00480
00824;00539
00827;00597
00832;00647
00836;00701
00849;00762
00858;00810
00865;00860
00870;00909
00870;00947
00878;00928
00881;00900
00881;00856
00885;00806
00891;00760
00893;00714
00901;00736
00913;00766
00936;00750
00957;00710
00963;00675
00960;00652
00957;00659
00956;00668
00955;00680
00951;00689
00945;00630
00933;00552
00912;00513
00892;00507
00884;00539
00893;00553
00902;00544
00896;00540
00888;00534
00885;00535
00882;00558
00881;00605
00884;00665
00891;00711
00893;00738
00893;00766
00908;00767
00920;00762
00928;00748
00934;00733
00940;00754
00948;00758
00947;00749
00946;00745
00944;00749
00940;00775
00925;00847
00929;00911
00936;00984
00942;01041
00949;01025
00955;00997
00965;00968
00971;00951
00979;00936
00984;00928
00992;00902
00993;00888
00994;00873
00997;00894
00999;00921
01001;00948
00993;00982
00983;01018
00972;01060
00970;01070
00967;01087
00968;01098
00973;01094
00979;01059
00987;01100
00999;01159
01022;01201
01049;01209
01074;01190
01084;01198
01088;01201
01095;01209
01098;01218
01099;01210
01101;01127
01091;01032
01086;00953
01072;00891
01060;00869
01057;00847
01074;00821
01079;00786
01075;00761
01072;00779
01065;00806
01073;00804
01074;00800
01070;00810
01064;00808
01057;00784
01038;00760
01029;00722
01032;00679
01033;00615
01041;00585
01048;00585
01044;00577
01044;00559
01046;00529
01044;00518
01039;00518
01028;00532
01013;00551
01001;00573
00987;00550
00964;00516
00952;00496
00951;00472
00954;00448
00951;00424
00944;00409
00943;00393
00941;00369
00940;00347
00930;00352
00919;00378
00907;00415
00896;00453
00881;00475
00875;00508
00877;00498
00877;00476
00873;00454
00862;00431
00858;00434
00858;00441
00857;00431
00852;00421
00848;00428
00844;00429
00840;00462
00836;00513
00843;00569
00854;00622
00865;00622
00877;00608
00890;00604
00907;00602
00926;00609
00947;00602
00963;00584
00973;00567
00978;00547
00980;00535
00981;00550
00980;00578
00978;00610
00974;00651
00970;00682
00971;00692
00968;00693
00967;00690
00966;00685
00968;00669
00967;00682
00966;00704
00965;00721
00967;00728
00971;00713
00970;00707
00972;00711
00972;00714
00969;00728
00968;00743
00969;00719
00966;00666
00965;00609
00961;00549
00953;00512
00941;00504
00936;00506
00941;00516
00959;00495
00961;00483
00959;00478
00958;00497
00958;00521
00955;00559
00954;00575
00958;00576
00963;00552
00956;00525
00935;00515
00928;00503
00928;00535
00932;00560
00934;00575
00939;00585
00947;00598
00951;00625
00952;00682
00966;00735
00982;00781
00996;00805
01001;00780
01005;00734
01009;00704
01014;00663
01016;00648
01017;00638
01015;00637
01013;00647
01013;00668
01014;00723
01022;00789
01034;00879
01053;00962
01075;01032
01085;01056
01086;01052
01086;01027
01083;00985
01078;00947
01080;00896
01080;00883
01079;00861
01072;00829
01057;00815
01053;00824
01060;00852
01068;00895
01081;00963
01094;01028
01102;01097
01116;01079
01142;01012
01157;00953
01172;00884
01172;00840
01162;00803
01155;00760
01144;00703
01129;00652
01120;00603
01110;00588
01086;00620
01076;00655
01061;00724
01059;00763
01074;00790
01097;00772
01129;00727
01140;00671
01140;00605
01139;00567
01137;00538
01132;00495
01134;00429
01138;00379
01133;00337
01114;00339
01077;00365
01058;00392
01053;00404
01046;00388
01034;00356
01020;00331
01004;00309
01003;00294
01007;00290
01013;00302
01022;00322
01037;00336
01039;00380
01045;00432
01055;00475
01064;00533
01077;00576
01062;00592
01048;00597
01032;00584
01018;00565
01006;00543
01002;00504
00996;00489
00989;00508
00986;00514
00978;00533
00987;00568
01001;00585
01014;00597
01029;00594
01036;00604
01036;00625
01036;00622
01036;00594
01035;00571
01036;00545
01036;00538
01033;00543
01030;00541
01019;00550
01013;00554
01017;00544
01024;00533
01026;00551
01024;00573
01019;00588
01007;00588
00996;00607
00996;00626
00998;00653
01006;00665
01007;00680
01004;00727
01010;00761
01018;00778
01029;00801
01046;00792
01054;00745
01049;00713
01048;00665
01040;00628
01039;00571
01034;00492
01020;00401
01004;00318
00983;00254
00963;00234
00944;00240
00937;00248
00928;00251
00918;00272
00906;00307
00904;00330
00904;00367
00906;00417
00908;00444
00901;00457
00899;00455
00893;00453
00892;00437
00900;00405
00902;00369
00895;00356
00888;00347
00884;00333
00879;00326
00879;00316
00880;00302
00876;00277
00868;00290
00854;00318
00843;00344
00839;00346
00840;00325
00847;00301
00852;00285
00857;00284
00862;00304
00874;00332
00885;00343
00891;00351
00895;00367
00906;00385
00908;00407
00898;00426
00892;00454
00890;00455
00884;00456
00877;00459
00872;00451
00872;00441
00872;00427
00869;00435
00866;00440
00867;00449
00868;00439
00865;00445
00868;00431
00869;00413
00868;00423
00870;00428
00870;00435
00864;00415
00857;00400
00856;00378
00856;00360
00859;00355
00859;00376
00868;00398
00873;00400
00865;00402
00854;00400
00848;00419
00847;00449
00846;00491
00845;00535
00844;00558
00839;00569
00829;00572
00826;00568
00836;00560
00844;00561
00853;00574
00864;00568
00867;00544
00869;00509
00869;00478
00866;00443
00858;00411
00849;00396
00833;00389
00824;00373
00816;00329
00802;00283
00793;00241
00780;00201
00762;00166
00749;00131
00738;00101
00722;00072
00708;00044
00694;00019
00677;00000
00660;00000
00643;00000
00626;00000
00614;00000
00599;00000
00581;00000
00568;00000
00555;00000
00540;00000
00525;00000
00510;00000
00494;00000
00479;00000
00463;00000
00448;00000
00441;00000
00444;00000
00439;00000
00431;00000
00424;00000
00417;00000
00411;00000
00405;00000
00400;00000
00396;00000
00389;00000
00371;00000
00363;00000
00358;00000
00354;00000
00351;00000
00349;00000
00346;00000
00344;00000
00342;00000
00342;00000
00343;00000
00346;00000
00351;00000
00359;00000
00368;00000
00377;00000
00389;00000
00401;00000
00412;00000
00423;00000
00432;00000
00439;00000
00445;00000
00448;00000
00451;00000
00453;00000
00454;00000
00455;00000
00457;00000
00458;00000
00460;00000
00461;00000
00463;00000
00464;00000
00466;00000
00469;00000
00471;00000
00472;00000
00473;00000
00474;00000
00475;00000
00478;00000
00480;00000
00481;00000
00482;00000
00482;00000
00483;00000
00486;00000
00488;00001
00493;00005
00496;00007
00500;00010
00503;00018
00508;00018
00511;00018
00514;00018
00516;00018
00516;00018
00517;00017
00517;00013
00516;00010
00514;00008
00512;00000
00509;00000
00509;00000
00511;00000
00511;00000
00510;00000
00508;00000
00506;00000
00504;00000
00503;00000
00503;00000
00504;00000
00506;00000
00507;00002
00513;00005
00519;00006
00526;00012
00531;00015
00537;00015
00542;00015
00548;00015
00550;00015
00550;00015
00549;00013
00548;00009
00549;00008
00550;00003
00551;00000
00555;00000
00556;00000
00555;00000
00559;00000
00562;00010
00567;00021
00568;00029
00568;00046
00569;00078
00574;00097
00573;00105
00576;00119
00581;00130
00585;00164
00593;00183
00600;00211
00611;00246
00626;00267
00638;00261
00640;00255
00646;00256
00650;00265
00660;00291
00674;00286
00681;00283
00692;00263
00702;00246
00711;00229
00709;00234
00711;00252
00714;00286
00721;00304
00723;00301
00719;00306
00720;00319
00717;00359
00719;00388
00717;00426
00730;00452
00750;00481
00768;00475
00783;00470
00797;00466
00807;00481
00819;00507
00824;00521
00829;00531
00832;00544
00838;00555
00841;00557
00842;00576
00838;00589
00836;00618
00840;00629
00851;00588
00852;00537
00847;00488
00840;00435
00832;00391
00817;00348
00803;00324
00796;00312
00790;00295
00782;00276
00768;00297
00768;00344
00777;00382
00788;00425
00798;00463
00814;00503
00830;00501
00846;00494
00858;00482
00873;00482
00886;00483
00902;00469
00907;00450
00923;00414
00930;00375
00925;00348
00912;00355
00900;00352
00886;00344
00871;00340
00858;00315
00842;00278
00833;00258
00816;00256
00809;00267
00816;00280
00832;00292
00846;00324
00854;00352
00861;00377
00869;00407
00874;00456
00875;00508
00883;00555
00893;00578
00884;00600
00871;00592
00859;00588
00861;00582
00860;00587
00861;00606
00863;00615
00872;00603
00877;00578
00878;00547
00874;00516
00873;00510
00873;00478
00864;00457
00857;00410
00842;00353
00834;00290
00819;00244
00798;00221
00778;00231
00781;00223
00783;00232
00786;00254
00796;00273
00807;00306
00823;00344
00834;00395
00844;00442
00857;00483
00870;00505
00888;00534
00916;00526
00924;00523
00931;00528
00945;00530
00949;00546
00957;00559
00968;00564
00979;00577
00988;00585
00986;00611
00982;00648
00993;00686
01007;00698
01002;00694
01003;00654
01000;00598
00997;00565
01005;00512
00998;00485
00988;00445
00972;00427
00955;00390
00935;00389
00930;00401
00928;00438
00926;00492
00925;00531
00913;00577
00919;00594
00941;00591
00951;00559
00955;00534
00954;00488
00946;00454
00936;00439
00929;00430
00923;00421
00910;00422
00897;00440
00877;00470
00871;00513
00875;00559
00883;00593
00892;00615
00898;00598
00901;00557
00907;00530
00919;00503
00928;00492
00931;00478
00932;00485
00935;00485
00933;00496
00936;00525
00951;00572
00989;00607
01012;00633
01028;00659
01055;00645
01061;00619
01057;00572
01048;00537
01050;00494
01051;00443
01037;00396
00998;00377
00970;00362
00950;00325
00919;00306
00910;00301
00917;00297
00931;00290
00949;00291
00961;00289
00993;00271
01007;00243
01013;00221
01017;00218
01019;00239
01020;00271
01020;00309
01015;00346
01002;00378
00999;00409
00983;00423
00978;00431
00972;00443
00972;00434
00967;00414
00964;00384
00967;00345
00967;00307
00959;00271
00945;00235
00937;00246
00946;00259
00956;00267
00960;00286
00967;00301
00973;00321
00972;00348
00978;00384
00990;00417
01006;00448
01017;00444
01022;00438
01042;00421
01051;00410
01051;00397
01042;00381
01030;00380
01015;00365
00998;00360
00984;00369
00969;00399
00957;00430
00938;00449
00931;00450
00942;00441
00950;00437
00954;00414
00955;00397
00953;00376
00950;00348
00946;00347
00940;00346
00935;00364
00934;00395
00928;00423
00929;00462
00935;00497
00946;00545
00963;00590
00985;00609
00990;00578
00989;00546
00984;00508
00973;00478
00964;00468
00959;00445
00951;00445
00943;00447
00934;00460
00920;00477
00913;00516
00909;00571
00916;00628
00929;00677
00931;00712
00936;00744
00947;00733
00965;00699
00977;00639
00990;00578
00993;00529
00989;00479
00978;00427
00963;00371
00952;00326
00949;00283
00940;00276
00925;00291
00914;00339
00904;00397
00909;00413
00935;00403
00954;00390
00967;00387
00979;00392
00984;00399
00982;00396
00975;00391
00970;00369
00963;00348
00958;00353
00938;00374
00924;00418
00921;00467
00922;00488
00926;00496
00948;00480
00963;00463
00972;00442
00982;00439
00990;00457
00996;00463
00995;00444
00993;00410
00991;00402
00992;00393
00973;00411
00963;00421
00954;00439
00940;00437
00933;00396
00927;00364
00929;00339
00926;00323
00922;00311
00913;00301
00905;00296
00898;00294
00891;00291
00888;00313
00888;00354
00892;00399
00894;00426
00890;00454
00888;00460
00889;00463
00900;00438
00914;00402
00917;00370
00909;00337
00896;00315
00880;00305
00866;00305
00862;00293
00854;00305
00847;00321
00837;00353
00823;00415
00827;00470
00839;00491
00848;00480
00857;00445
00859;00418
00861;00414
00870;00407
00875;00409
00877;00406
00878;00372
00874;00356
00872;00356
00872;00365
00871;00397
00872;00441
00871;00464
00868;00470
00866;00472
00864;00483
00869;00512
00875;00500
00877;00504
00883;00536
00892;00559
00916;00548
00938;00529
00949;00534
00963;00528
00983;00503
00984;00466
00976;00454
00972;00422
00966;00370
00958;00307
00936;00270
00922;00252
00919;00226
00926;00206
00916;00205
00916;00203
00924;00204
00929;00216
00933;00240
00939;00283
00948;00326
00948;00363
00947;00386
00935;00416
00935;00444
00948;00454
00962;00442
00973;00425
00975;00416
00975;00394
00972;00372
00970;00357
00968;00353
00968;00341
00961;00343
00949;00378
00940;00432
00936;00466
00957;00466
00975;00464
00990;00468
01006;00478
01024;00504
01042;00534
01060;00548
01074;00555
01084;00556
01093;00567
01078;00586
01060;00627
01046;00668
01034;00683
01018;00686
01001;00680
00989;00671
00987;00658
00996;00626
00989;00618
00986;00644
00993;00661
00996;00655
00998;00653
01013;00626
01022;00614
01023;00605
01015;00615
01004;00662
01010;00695
01016;00670
01017;00631
01018;00604
01017;00589
01009;00592
01021;00566
01025;00543
01020;00519
01010;00497
00996;00489
00989;00528
00990;00562
00992;00617
00998;00679
01004;00745
00999;00807
01010;00838
01032;00830
01041;00794
01041;00747
01039;00719
01032;00706
01029;00677
01024;00635
01011;00597
00999;00568
00986;00575
00969;00617
00966;00688
00980;00745
01001;00740
01014;00727
01023;00710
01032;00691
01042;00660
01045;00661
01051;00656
01053;00653
01058;00647
01054;00663
01044;00700
01042;00769
01049;00846
01060;00920
01076;00998
01102;01038
01134;01038
01153;01032
01163;01003
01174;00979
01186;01000
01192;00989
01191;00972
01190;00962
01190;00939
01179;00930
01153;00967
01142;01009
01140;01073
01138;01105
01135;01077
01139;01038
01145;01016
01148;00996
01156;00982
01167;00977
01175;00976
01180;00971
01184;00973
01192;00985
01197;01031
01200;01118
01206;01194
01211;01255
01210;01291
01215;01305
01228;01295
01232;01272
01235;01218
01235;01178
01240;01156
01240;01100
01238;01033
01234;00985
01227;00962
01219;00950
01211;00949
01208;00961
01204;00997
01199;01014
01193;00976
01195;00945
01198;00903
01201;00855
01198;00831
01198;00831
01196;00831
01197;00826
01198;00797
01200;00784
01200;00799
01198;00835
01193;00895
01193;00943
01197;00932
01198;00891
01194;00854
01190;00814
01190;00787
01188;00745
01185;00738
01180;00713
01181;00668
01177;00629
01171;00637
01165;00652
01159;00678
01158;00708
01153;00735
01144;00773
01145;00745
01150;00692
01140;00650
01137;00615
01139;00562
01139;00517
01139;00469
01139;00425
01142;00394
01142;00375
01140;00392
01136;00431
01140;00486
01140;00524
01134;00570
01132;00602
01137;00610
01134;00610
01126;00599
01125;00579
01123;00582
01118;00581
01113;00569
01108;00575
01106;00590
01111;00609
01121;00642
01131;00671
01140;00693
01147;00701
01156;00676
01165;00656
01173;00632
01177;00609
01183;00596
01186;00603
01185;00607
01188;00629
01200;00646
01219;00664
01230;00689
01237;00726
01241;00771
01248;00798
01254;00788
01251;00761
01244;00731
01233;00693
01220;00658
01200;00635
01185;00628
01178;00590
01171;00541
01160;00515
01147;00500
01135;00493
01122;00502
01118;00515
01113;00545
01113;00558
01118;00546
01121;00536
01125;00532
01128;00532
01133;00553
01138;00574
01154;00586
01167;00592
01177;00597
01184;00625
01191;00653
01190;00697
01188;00744
01186;00780
01185;00809
01184;00831
01180;00846
01181;00839
01180;00818
01172;00791
01165;00831
01168;00867
01174;00899
01189;00933
01201;00963
01222;00968
01230;00963
01228;00973
01241;00986
01249;00998
01248;00935
01244;00869
01243;00801
01242;00721
01235;00657
01222;00641
01217;00644
01235;00639
01233;00637
01234;00636
01238;00652
01244;00690
01251;00726
01253;00773
01253;00791
01257;00799
01255;00794
01237;00785
01234;00771
01238;00757
01241;00767
01244;00765
01238;00773
01234;00795
01241;00825
01243;00848
01249;00885
01259;00956
01264;01025
01266;01085
01265;01092
01265;01089
01275;01058
01278;01000
01267;00954
01255;00908
01242;00862
01229;00819
01214;00800
01201;00782
01191;00809
01183;00856
01181;00893
01184;00923
01192;00933
01197;00941
01199;00947
01205;00938
01217;00905
01231;00862
01245;00848
01252;00814
01247;00810
01242;00833
01241;00860
01247;00891
01261;00930
01276;00939
01275;00952
01270;00966
01266;00916
01265;00862
01259;00807
01259;00749
01265;00726
01267;00714
01271;00699
01271;00715
01280;00725
01295;00746
01314;00744
01323;00756
01328;00781
01328;00798
01322;00794
01324;00800
01325;00782
01325;00756
01325;00726
01321;00684
01305;00711
01303;00718
01316;00700
01335;00689
01356;00672
01356;00641
01348;00643
01348;00659
01345;00697
01340;00748
01348;00740
01356;00721
01362;00706
01353;00689
01338;00694
01339;00693
01348;00694
01348;00690
01350;00684
01355;00676
01355;00707
01351;00776
01344;00868
01346;00941
01351;00988
01355;01034
01362;01065
01386;01058
01409;01038
01418;01011
01423;01023
01427;01030
01437;01030
01449;01034
01457;01015
01462;00996
01467;00964
01452;00954
01434;00944
01427;00954
01432;00908
01438;00843
01442;00769
01443;00707
01445;00698
01446;00700
01450;00703
01458;00691
01460;00705
01467;00712
01463;00733
01449;00785
01438;00839
01430;00891
01428;00915
01429;00939
01426;00978
01430;01016
01443;01037
01458;01058
01491;01067
01516;01062
01526;01064
01532;01056
01528;01034
01522;00998
01516;00953
01501;00945
01488;00939
01468;00928
01440;00903
01419;00871
01420;00827
01429;00789
01440;00789
01437;00802
01429;00814
01435;00804
01451;00784
01455;00767
01457;00784
01464;00831
01467;00892
01467;00949
01482;00949
01504;00916
01525;00886
01530;00859
01519;00842
01520;00824
01516;00821
01514;00797
01507;00767
01500;00751
01482;00765
01464;00808
01460;00835
01471;00845
01484;00849
01485;00857
01491;00829
01490;00797
01487;00759
01481;00720
01477;00707
01478;00700
01472;00715
01464;00742
01465;00762
01470;00795
01472;00833
01474;00885
01478;00950
01485;01034
01494;01085
01503;01112
01507;01102
01505;01085
01504;01057
01504;01000
01498;00968
01485;00937
01473;00901
01460;00837
01448;00761
01433;00706
01427;00685
01420;00686
01400;00717
01388;00736
01383;00725
01386;00690
01395;00645
01413;00615
01427;00607
01430;00615
01423;00626
01417;00633
01415;00641
01414;00677
01418;00727
01427;00796
01441;00837
01437;00844
01441;00820
01457;00763
01476;00705
01487;00647
01493;00579
01498;00506
01500;00447
01499;00395
01490;00370
01484;00369
01476;00394
01462;00425
01436;00464
01414;00502
01403;00536
01390;00566
01380;00579
01371;00569
01361;00558
01350;00550
01334;00571
01328;00595
01342;00590
01352;00574
01356;00559
01365;00548
01362;00538
01349;00556
01336;00576
01330;00593
01336;00575
01340;00543
01323;00520
01314;00490
01309;00465
01297;00444
01292;00443
01300;00421
01306;00404
01316;00397
01314;00385
01309;00383
01312;00391
01314;00425
01321;00435
01329;00437
01336;00417
01344;00380
01363;00334
01360;00296
01353;00285
01344;00286
01336;00294
01333;00309
01330;00343
01334;00344
01343;00349
01342;00383
01326;00434
01323;00466
01326;00491
01335;00498
01339;00474
01336;00425
01328;00385
01314;00390
01297;00412
01284;00425
01283;00429
01282;00437
01286;00431
01290;00426
01297;00450
01308;00493
01320;00539
01332;00595
01350;00609
01363;00606
01370;00599
01379;00598
01387;00611
01411;00624
01419;00642
01418;00668
01421;00686
01425;00691
01428;00724
01430;00792
01441;00854
01455;00899
01464;00924
01461;00932
01461;00924
01466;00892
01469;00845
01468;00794
01465;00753
01458;00690
01444;00630
01423;00580
01406;00532
01396;00506
01410;00487
01417;00485
01412;00487
01398;00494
01386;00481
01387;00456
01389;00429
01395;00406
01397;00414
01387;00450
01371;00484
01368;00515
01374;00548
01394;00555
01416;00566
01427;00614
01432;00682
01434;00733
01432;00770
01435;00782
01434;00789
01431;00767
01432;00722
01417;00696
01398;00686
01386;00669
01384;00635
01382;00614
01382;00595
01381;00582
01380;00581
01368;00597
01356;00652
01361;00694
01368;00690
01362;00658
01350;00628
01353;00600
01352;00583
01346;00579
01339;00569
01340;00571
01339;00564
01342;00549
01346;00545
01349;00570
01347;00596
01332;00629
01322;00646
01317;00651
01313;00676
01307;00650
01303;00628
01291;00632
01285;00663
01298;00657
01307;00651
01313;00653
01322;00655
01332;00660
01341;00644
01351;00677
01359;00695
01364;00709
01361;00726
01359;00744
01367;00750
01377;00757
01385;00781
01400;00803
01415;00812
01425;00823
01435;00865
01444;00903
01451;00953
01454;01039
01454;01134
01457;01206
01467;01233
01481;01213
01470;01176
01458;01128
01456;01070
01454;01015
01454;00955
01453;00887
01459;00802
01465;00711
01453;00651
01420;00633
01409;00656
01406;00678
01399;00689
01390;00699
01379;00689
01369;00653
01363;00623
01359;00601
01362;00575
01358;00564
01359;00543
01361;00547
01367;00550
01377;00544
01382;00567
01383;00628
01378;00702
01368;00769
01360;00818
01364;00858
01373;00864
01385;00828
01380;00803
01371;00785
01371;00761
01373;00739
01377;00711
01379;00693
01378;00693
01382;00682
01383;00708
01383;00756
01395;00784
01402;00790
01401;00771
01401;00719
01401;00667
01403;00616
01421;00568
01435;00533
01430;00497
01418;00479
01408;00477
01409;00486
01413;00494
01404;00519
01393;00539
01387;00551
01368;00579
01346;00589
01334;00591
01326;00558
01318;00527
01304;00509
01298;00515
01297;00526
01295;00544
01293;00573
01295;00575
01304;00581
01318;00573
01324;00581
01328;00574
01323;00571
01318;00549
01315;00503
01310;00454
01303;00405
01291;00369
01280;00353
01270;00356
01273;00359
01268;00375
01267;00389
01264;00420
01265;00474
01268;00545
01275;00611
01284;00681
01290;00722
01293;00756
01289;00770
01295;00787
01305;00799
01317;00811
01330;00841
01345;00850
01362;00833
01369;00795
01368;00763
01362;00744
01358;00759
01360;00768
01364;00761
01365;00730
01360;00655
01355;00586
01345;00536
01341;00501
01338;00499
01342;00489
01344;00482
01344;00480
01342;00466
01346;00450
01357;00470
01364;00495
01365;00527
01359;00575
01360;00598
01370;00606
01385;00567
01383;00525
01371;00506
01359;00507
01346;00510
01339;00501
01331;00490
01336;00468
01339;00454
01332;00462
01328;00496
01342;00514
01348;00529
01348;00525
01348;00495
01351;00488
01360;00483
01358;00473
01357;00472
01359;00475
01356;00495
01348;00529
01358;00563
01372;00588
01372;00626
01367;00650
01363;00674
01365;00691
01366;00709
01365;00720
01370;00709
01394;00691
01414;00655
01427;00648
01448;00641
01466;00649
01486;00668
01508;00708
01541;00704
01569;00682
01578;00674
01570;00673
01575;00676
01575;00649
01572;00601
01569;00546
01562;00484
01554;00415
01536;00393
01511;00388
01501;00388
01487;00377
01457;00397
01437;00448
01422;00519
01412;00593
01402;00661
01391;00713
01387;00739
01389;00773
01402;00775
01440;00749
01490;00694
01526;00658
01546;00631
01558;00602
01568;00575
01575;00568
01584;00573
01596;00565
01606;00558
01595;00584
01561;00633
01541;00652
01538;00638
01536;00615
01541;00590
01551;00565
01560;00529
01557;00491
01541;00481
01524;00481
01518;00486
01509;00514
01507;00575
01512;00640
01512;00716
01507;00804
01506;00888
01516;00978
01534;01009
01555;01013
01590;00982
01602;00934
01601;00900
01607;00845
01618;00756
01635;00643
01637;00569
01634;00504
01626;00472
01606;00449
01567;00452
01549;00455
01552;00408
01542;00382
01527;00388
01501;00408
01485;00412
01483;00392
01482;00401
01492;00436
01500;00471
01503;00519
01499;00607
01497;00691
01503;00766
01508;00826
01509;00889
01504;00957
01496;00987
01492;01017
01503;01037
01521;01032
01548;01001
01560;00982
01559;00971
01561;00959
01565;00949
01573;00947
01584;00972
01593;00968
01598;00966
01608;00947
01609;00918
01614;00873
01616;00816
01614;00777
01613;00719
01611;00645
01622;00551
01622;00474
01609;00411
01577;00372
01545;00350
01516;00337
01496;00342
01479;00334
01460;00321
01435;00322
01399;00337
01372;00359
01363;00362
01368;00378
01371;00410
01374;00435
01377;00446
01385;00455
01394;00472
01400;00503
01407;00544
01416;00572
01421;00609
01427;00637
01441;00618
01455;00590
01473;00575
01484;00571
01493;00589
01504;00603
01512;00628
01517;00658
01525;00706
01531;00757
01530;00841
01534;00933
01543;01003
01555;01032
01561;01037
01569;01023
01571;00985
01563;00950
01555;00901
01546;00865
01542;00873
01542;00895
01541;00928
01540;00974
01548;00997
01569;01012
01574;01052
01581;01104
01592;01151
01600;01154
01608;01062
01614;00956
01609;00849
01598;00773
01586;00746
01562;00739
01557;00737
01562;00721
01563;00693
01554;00687
01542;00736
01528;00786
01529;00854
01537;00901
01542;00916
01549;00935
01559;00923
01564;00916
01572;00919
01588;00909
01596;00920
01612;00923
01624;00912
01629;00905
01638;00916
01643;00921
01651;00949
01659;00984
01658;01040
01666;01100
01689;01086
01698;01056
01698;01012
01694;00978
01690;00947
01688;00929
01679;00922
01675;00905
01671;00883
01665;00878
01650;00932
01634;01000
01626;01097
01633;01165
01640;01211
01656;01227
01666;01208
01673;01184
01680;01149
01689;01114
01701;01099
01722;01093
01746;01057
01769;01011
01783;00980
01786;00958
01795;00951
01802;00952
01810;00957
01813;00947
01814;00875
01810;00797
01800;00727
01784;00690
01773;00658
01770;00633
01770;00604
01768;00568
01762;00527
01752;00520
01742;00564
01740;00606
01746;00645
01751;00663
01753;00674
01747;00679
01734;00674
01718;00679
01711;00677
01739;00641
01781;00574
01822;00507
01833;00461
01824;00436
01814;00425
01805;00426
01800;00453
01805;00473
01807;00502
01782;00539
01747;00563
01712;00596
01704;00628
01715;00678
01738;00715
01771;00736
01802;00733
01832;00715
01863;00681
01887;00635
01897;00612
01891;00595
01874;00579
01854;00536
01832;00473
01802;00407
01775;00356
01743;00307
01705;00276
01672;00263
01649;00270
01635;00277
01632;00280
01638;00297
01645;00311
01654;00344
01666;00367
01676;00394
01689;00434
01695;00476
01696;00481
01700;00480
01703;00471
01707;00459
01714;00487
01721;00519
01732;00542
01736;00544
01731;00519
01729;00489
01732;00481
01734;00455
01736;00442
01740;00418
01741;00363
01733;00302
01711;00254
01699;00233
01702;00216
01706;00203
01708;00192
01705;00208
01704;00224
01698;00255
01688;00294
01686;00328
01695;00379
01707;00446
01728;00507
01749;00551
01758;00572
01771;00594
01785;00608
01802;00613
01825;00605
01845;00582
01847;00546
01831;00500
01799;00469
01768;00436
01748;00435
01730;00428
01713;00429
01693;00430
01666;00443
01643;00471
01640;00491
01656;00483
01668;00459
01671;00462
01675;00465
01677;00463
01681;00452
01689;00441
01706;00438
01720;00426
01719;00425
01716;00446
01725;00467
01756;00468
01787;00443
01810;00408
01821;00373
01828;00344
01832;00320
01834;00326
01850;00337
01863;00367
01875;00408
01870;00470
01868;00549
01879;00616
01890;00668
01887;00714
01880;00759
01885;00780
01907;00766
01922;00725
01907;00673
01889;00622
01863;00580
01829;00568
01803;00574
01794;00581
01784;00578
01765;00583
01726;00613
01691;00660
01681;00722
01675;00768
01671;00773
01671;00761
01671;00728
01668;00699
01663;00687
01659;00679
01648;00675
01635;00685
01628;00711
01626;00748
01629;00813
01628;00885
01625;00995
01633;01086
01643;01127
01643;01147
01649;01163
01662;01152
01673;01113
01683;01073
01690;01039
01705;00981
01714;00897
01713;00828
01708;00804
01722;00800
01730;00797
01728;00789
01722;00781
01710;00775
01703;00730
01692;00693
01677;00664
01666;00640
01659;00624
01645;00619
01632;00616
01621;00634
01617;00660
01622;00689
01623;00736
01617;00799
01624;00848
01620;00866
01609;00862
01601;00848
01597;00832
01595;00795
01588;00755
01580;00705
01572;00670
01569;00631
01557;00609
01555;00619
01557;00631
01559;00635
01560;00644
01561;00666
01565;00678
01565;00679
01562;00663
01560;00655
01565;00639
01571;00586
01576;00539
01564;00506
01553;00475
01544;00449
01533;00436
01520;00432
01508;00466
01500;00493
01490;00522
01476;00565
01466;00607
01473;00633
01483;00642
01489;00619
01493;00589
01499;00555
01503;00512
01505;00484
01511;00452
01524;00411
01525;00370
01516;00345
01506;00340
01503;00367
01503;00401
01505;00444
01510;00461
01520;00457
01522;00451
01518;00482
01528;00525
01539;00551
01546;00564
01548;00579
01554;00602
01564;00624
01570;00657
01567;00697
01570;00756
01573;00797
01578;00827
01590;00861
01605;00874
01623;00856
01628;00797
01619;00742
01613;00714
01613;00692
01609;00662
01606;00635
01599;00602
01588;00575
01579;00574
01567;00584
01560;00601
01556;00601
01551;00573
01545;00536
01541;00505
01538;00486
01535;00476
01531;00469
01523;00462
01518;00482
01518;00528
01525;00585
01535;00666
01547;00754
01558;00817
01562;00850
01566;00860
01564;00852
01565;00827
01566;00776
01569;00719
01566;00671
01563;00634
01558;00598
01556;00579
01557;00568
01556;00573
01565;00596
01579;00645
01592;00702
01599;00759
01612;00790
01619;00781
01626;00771
01636;00760
01644;00763
01662;00779
01675;00772
01678;00762
01686;00777
01697;00791
01701;00790
01700;00792
01695;00805
01687;00790
01673;00777
01651;00744
01634;00732
01620;00699
01601;00635
01586;00571
01585;00542
01587;00546
01590;00548
01597;00573
01608;00593
01620;00611
01634;00626
01649;00651
01659;00687
01656;00717
01642;00738
01635;00721
01631;00691
01623;00673
01625;00653
01625;00663
01624;00672
01622;00687
01626;00726
01638;00774
01660;00784
01669;00798
01673;00820
01677;00834
01676;00845
01679;00834
01684;00829
01692;00801
01697;00740
01694;00675
01684;00660
01684;00665
01688;00671
01690;00698
01695;00720
01697;00715
01694;00671
01676;00649
01657;00651
01647;00658
01642;00664
01637;00636
01635;00599
01636;00545
01632;00494
01624;00490
01616;00524
01625;00558
01636;00573
01644;00582
01649;00594
01666;00605
01677;00616
01683;00632
01695;00647
01701;00636
01696;00615
01685;00578
01674;00554
01667;00530
01661;00505
01646;00507
01642;00506
01647;00495
01629;00491
01609;00487
01604;00491
01604;00525
01606;00556
01606;00588
01604;00619
01609;00616
01606;00615
01607;00629
01632;00631
01657;00634
01669;00643
01676;00643
01681;00646
01684;00645
01684;00642
01678;00674
01671;00728
01656;00780
01636;00822
01626;00869
01628;00905
01635;00927
01644;00938
01656;00944
01664;00933
01665;00932
01668;00932
01674;00937
01690;00953
01714;00965
01737;00964
01743;00960
01748;00950
01757;00940
01773;00936
01804;00889
01837;00809
01866;00707
01888;00609
01912;00517
01933;00433
01939;00361
01917;00308
01891;00272
01863;00232
01823;00233
01778;00266
01729;00297
01682;00334
01627;00365
01567;00399
01535;00437
01534;00452
01532;00472
01534;00515
01545;00563
01555;00596
01565;00658
01583;00726
01608;00793
01631;00875
01656;00950
01692;01027
01726;01073
01749;01117
01771;01122
01798;01097
01822;01057
01828;01003
01830;00975
01855;00931
01888;00874
01895;00814
01902;00767
01929;00683
01952;00603
01958;00565
01952;00537
01951;00517
01950;00468
01929;00426
01898;00391
01890;00353
01881;00323
01851;00323
01816;00354
01794;00386
01787;00414
01794;00423
01799;00421
01793;00426
01786;00449
01778;00477
01779;00508
01797;00552
01836;00563
01861;00522
01861;00473
01847;00442
01833;00451
01836;00453
01840;00443
01832;00438
01814;00436
01788;00418
01743;00427
01714;00488
01708;00563
01715;00641
01734;00675
01754;00679
01746;00653
01734;00634
01724;00608
01715;00575
01704;00548
01690;00527
01682;00501
01670;00465
01657;00459
01649;00478
01672;00501
01690;00502
01681;00523
01678;00554
01678;00551
01674;00512
01664;00476
01659;00448
01647;00423
01621;00399
01591;00409
01574;00437
01588;00453
01596;00487
01608;00561
01625;00649
01642;00719
01646;00781
01651;00838
01662;00876
01675;00886
01691;00881
01703;00841
01705;00769
01689;00696
01676;00644
01666;00600
01667;00540
01669;00471
01667;00426
01662;00410
01656;00410
01659;00440
01676;00483
01707;00479
01723;00430
01731;00386
01740;00356
01756;00333
01755;00306
01749;00282
01744;00266
01731;00242
01712;00218
01693;00241
01689;00285
01688;00326
01679;00360
01660;00377
01655;00390
01652;00399
01647;00393
01645;00392
01643;00391
01640;00393
01632;00402
01626;00416
01631;00412
01625;00421
01627;00426
01635;00415
01637;00414
01634;00420
01635;00433
01646;00410
01665;00360
01674;00297
01654;00271
01646;00263
01637;00261
01626;00266
01618;00273
01616;00289
01616;00295
01604;00319
01584;00377
01580;00447
01596;00505
01612;00529
01628;00522
01642;00518
01646;00505
01644;00484
01640;00460
01642;00446
01653;00416
01659;00376
01651;00348
01646;00332
01636;00345
01627;00373
01632;00408
01642;00439
01654;00463
01660;00450
01658;00431
01658;00410
01660;00376
01655;00362
01658;00353
01667;00336
01674;00317
01679;00296
01683;00297
01695;00334
01716;00368
01743;00387
01774;00403
01816;00393
01859;00364
01858;00334
01842;00303
01824;00283
01806;00245
01782;00210
01747;00202
01711;00218
01684;00240
01653;00278
01618;00333
01620;00391
01641;00451
01668;00492
01680;00512
01664;00502
01646;00471
01627;00441
01607;00415
01581;00403
01555;00402
01534;00400
01514;00414
01491;00447
01487;00518
01516;00618
01546;00737
01571;00841
01594;00936
01618;00978
01629;00993
01629;00997
01619;00971
01609;00935
01595;00878
01579;00822
01563;00767
01547;00735
01534;00711
01524;00728
01529;00755
01538;00786
01555;00840
01576;00895
01603;00940
01629;00921
01636;00868
01639;00801
01645;00744
01654;00697
01665;00655
01677;00618
01688;00593
01699;00585
01712;00566
01710;00580
01723;00619
01737;00656
01752;00693
01769;00704
01780;00689
01787;00675
01778;00636
01768;00569
01751;00525
01746;00509
01743;00504
01744;00495
01741;00478
01733;00481
01726;00516
01728;00549
01749;00583
01772;00613
01790;00625
01806;00608
01823;00562
01851;00514
01863;00474
01845;00445
01825;00427
01804;00412
01781;00391
01749;00394
01724;00432
01702;00508
01681;00602
01652;00690
01646;00771
01663;00834
01684;00849
01691;00849
01688;00843
01690;00817
01691;00761
01686;00708
01680;00681
01672;00653
01660;00611
01641;00569
01616;00550
01601;00536
01597;00545
01590;00562
01582;00601
01580;00610
01580;00571
01571;00548
01569;00542
01571;00551
01572;00565
01574;00587
01580;00615
01591;00649
01602;00687
01612;00754
01626;00830
01637;00890
01638;00934
01636;00958
01635;00966
01633;00961
01629;00937
01626;00911
01619;00860
01607;00823
01592;00820
01585;00823
01588;00832
01597;00847
01608;00862
01618;00886
01628;00913
01625;00917
01619;00949
01622;00936
01626;00881
01637;00834
01649;00800
01658;00775
01668;00782
01682;00794
01694;00836
01715;00889
01743;00943
01762;00990
01764;01037
01759;01082
01758;01131
01761;01167
01764;01173
01754;01144
01733;01071
01713;01015
01691;00942
01675;00916
01677;00940
01684;00951
01686;00931
01685;00908
01681;00902
01690;00910
01712;00926
01718;00932
01721;00955
01725;00941
01725;00869
01718;00814
01709;00773
01698;00743
01687;00725
01675;00740
01661;00791
01664;00835
01669;00865
01670;00912
01665;00980
01659;01028
01654;01071
01650;01122
01649;01153
01650;01158
01651;01119
01648;01089
01647;01054
01647;01034
01657;01039
01673;01045
01694;01052
01716;01044
01735;01036
01745;01028
01750;01038
01759;01048
01768;01048
01773;01011
01774;00932
01774;00864
01770;00799
01764;00742
01757;00703
01755;00671
01758;00645
01759;00608
01748;00586
01733;00585
01722;00617
01716;00643
01712;00672
01711;00675
01709;00657
01706;00636
01695;00599
01672;00573
01658;00536
01650;00519
01641;00499
01628;00491
01613;00487
01596;00508
01580;00550
01570;00596
01571;00661
01587;00732
01606;00793
01629;00807
01648;00778
01660;00745
01672;00702
01682;00667
01690;00626
01699;00582
01706;00548
01711;00513
01715;00503
01712;00520
01709;00569
01708;00612
01708;00653
01709;00671
01713;00668
01715;00649
01717;00611
01719;00569
01696;00525
01676;00501
01662;00496
01657;00519
01661;00558
01671;00626
01676;00716
01677;00812
01674;00902
01676;00984
01702;01058
01718;01090
01724;01067
01717;01017
01698;00956
01673;00894
01654;00836
01639;00809
01630;00813
01626;00808
01619;00816
01622;00851
01636;00929
